Charge_NumValenceElectrons = [(1.0,0),
(-2.0,242),
(-3.0,112),
(0.0,30),
(-1.0,86),
(-1.0,72),
(-1.0,78),
(-1.0,68),
(-1.0,18),
(-1.0,108),
(-1.0,50),
(-2.0,180),
(-3.0,66),
(0.0,140),
(-4.0,336),
(-1.0,164),
(-1.0,8),
(0.0,52),
(-1.0,142),
(0.0,26),
(-4.0,328),
(-4.0,324),
(-2.0,26),
(1.0,26),
(-2.0,116),
(-1.0,116),
(-3.0,56),
(-2.0,222),
(0.0,66),
(-2.0,222),
(-1.0,618),
(-2.0,132),
(-3.0,102),
(-5.0,646),
(-4.0,166),
(-2.0,126),
(-2.0,444),
(-1.0,228),
(-3.0,222),
(0.0,108),
(-4.0,304),
(1.0,148),
(-3.0,142),
(-2.0,174),
(-4.0,180),
(0.0,142),
(-2.0,126),
(-2.0,206),
(-2.0,118),
(-3.0,142),
(0.0,66),
(-2.0,180),
(-2.0,150),
(0.0,94),
(-2.0,84),
(-3.0,156),
(-2.0,240),
(-2.0,118),
(0.0,96),
(0.0,390),
(2.0,132),
(0.0,102),
(-3.0,140),
(-2.0,124),
(0.0,108),
(-4.0,174),
(-2.0,138),
(-1.0,52),
(-4.0,150),
(-4.0,180),
(-3.0,134),
(-4.0,312),
(0.0,170),
(-11.0,1258),
(-2.0,258),
(1.0,470),
(-4.0,166),
(-2.0,130),
(0.0,108),
(-4.0,364),
(-4.0,304),
(-4.0,292),
(-1.0,52),
(-3.0,100),
(0.0,392),
(-4.0,120),
(-2.0,170),
(0.0,136),
(0.0,328),
(0.0,84),
(-1.0,96),
(-3.0,602),
(0.0,456),
(-2.0,212),
(-4.0,358),
(0.0,136),
(-2.0,90),
(-2.0,220),
(-3.0,80),
(0.0,94),
(0.0,284),
(-4.0,288),
(-4.0,298),
(0.0,290),
(-4.0,360),
(-4.0,300),
(-2.0,198),
(-2.0,160),
(-4.0,1048),
(-4.0,384),
(-5.0,328),
(-2.0,148),
(-2.0,132),
(-2.0,78),
(-2.0,176),
(1.0,68),
(-2.0,372),
(0.0,136),
(-4.0,348),
(-5.0,132),
(-2.0,98),
(-2.0,94),
(-2.0,198),
(-2.0,96),
(-2.0,134),
(-1.0,106),
(0.0,200),
(-2.0,222),
(-2.0,248),
(0.0,202),
(-1.0,84),
(0.0,594),
(-4.0,174),
(-3.0,150),
(-4.0,316),
(-4.0,388),
(0.0,74),
(0.0,264),
(-4.0,334),
(-4.0,370),
(-4.0,168),
(-4.0,346),
(-4.0,292),
(0.0,64),
(-4.0,342),
(-4.0,340),
(-4.0,352),
(-4.0,316),
(-2.0,206),
(-4.0,354),
(-4.0,376),
(-4.0,310),
(-4.0,318),
(-4.0,330),
(-4.0,366),
(-6.0,732),
(-2.0,206),
(-1.0,500),
(-5.0,310),
(-4.0,382),
(-2.0,96),
(-2.0,118),
(-8.0,336),
(-1.0,494),
(-3.0,210),
(0.0,54),
(-1.0,96),
(0.0,72),
(-1.0,66),
(-1.0,44),
(0.0,72),
(0.0,36),
(0.0,36),
(0.0,66),
(-3.0,226),
(0.0,102),
(-2.0,288),
(-1.0,76),
(-2.0,112),
(-2.0,112),
(0.0,72),
(0.0,72),
(-2.0,96),
(-2.0,96),
(0.0,88),
(-4.0,306),
(0.0,168),
(0.0,88),
(0.0,88),
(0.0,286),
(-5.0,326),
(0.0,72),
(-2.0,206),
(-4.0,382),
(0.0,62),
(-2.0,214),
(-1.0,108),
(0.0,112),
(-2.0,112),
(1.0,30),
(0.0,136),
(-2.0,214),
(-4.0,322),
(0.0,136),
(0.0,60),
(-1.0,122),
(-2.0,96),
(-2.0,96),
(-2.0,96),
(0.0,80),
(-5.0,304),
(-4.0,120),
(-12.0,216),
(-2.0,200),
(-4.0,370),
(-4.0,294),
(-4.0,372),
(1.0,60),
(-4.0,378),
(-1.0,92),
(0.0,66),
(0.0,66),
(-3.0,364),
(-2.0,52),
(-3.0,250),
(2.0,26),
(-2.0,170),
(0.0,154),
(0.0,32),
(-2.0,82),
(-2.0,82),
(0.0,60),
(-1.0,200),
(-1.0,118),
(-1.0,124),
(-2.0,312),
(-3.0,74),
(0.0,126),
(-2.0,316),
(-1.0,300),
(0.0,60),
(0.0,160),
(0.0,162),
(0.0,52),
(-6.0,1070),
(-2.0,96),
(-1.0,106),
(0.0,11),
(-5.0,310),
(-1.0,13),
(-1.0,122),
(-2.0,226),
(-1.0,108),
(0.0,82),
(-1.0,94),
(-1.0,62),
(-2.0,122),
(0.0,2),
(0.0,60),
(0.0,52),
(-4.0,90),
(0.0,20),
(-2.0,214),
(-2.0,78),
(0.0,72),
(-1.0,52),
(-1.0,54),
(-2.0,226),
(0.0,72),
(0.0,46),
(1.0,78),
(0.0,46),
(-1.0,92),
(-2.0,26),
(0.0,148),
(-2.0,96),
(0.0,24),
(-3.0,100),
(-1.0,52),
(-2.0,76),
(-2.0,132),
(-11.0,1748),
(2.0,38),
(-2.0,84),
(-5.0,204),
(-3.0,132),
(-1.0,60),
(-2.0,84),
(-1.0,40),
(-3.0,106),
(-2.0,132),
(0.0,48),
(0.0,74),
(-2.0,84),
(3.0,62),
(-1.0,8),
(0.0,32),
(-3.0,92),
(0.0,54),
(2.0,0),
(-2.0,82),
(1.0,56),
(0.0,16),
(-3.0,84),
(-2.0,72),
(-3.0,32),
(-4.0,118),
(-1.0,56),
(0.0,86),
(-2.0,48),
(-3.0,98),
(-4.0,210),
(0.0,58),
(-1.0,58),
(-1.0,92),
(-3.0,78),
(-4.0,210),
(0.0,48),
(-2.0,86),
(0.0,36),
(-4.0,396),
(-2.0,84),
(0.0,52),
(-3.0,128),
(-2.0,78),
(-1.0,86),
(-4.0,424),
(-1.0,80),
(-1.0,32),
(-3.0,128),
(-2.0,72),
(-2.0,54),
(-2.0,192),
(-3.0,76),
(-1.0,126),
(-3.0,142),
(0.0,30),
(-1.0,68),
(0.0,56),
(-2.0,130),
(-6.0,228),
(2.0,0),
(-3.0,112),
(-1.0,78),
(0.0,42),
(-1.0,40),
(-2.0,68),
(-2.0,52),
(-2.0,88),
(-1.0,34),
(-1.0,70),
(-1.0,44),
(-1.0,64),
(0.0,266),
(-1.0,52),
(-4.0,214),
(-1.0,48),
(2.0,78),
(0.0,50),
(-2.0,62),
(0.0,272),
(-1.0,40),
(-1.0,78),
(0.0,56),
(1.0,124),
(0.0,30),
(-1.0,108),
(-3.0,96),
(-2.0,90),
(0.0,244),
(-1.0,194),
(-3.0,72),
(0.0,54),
(-2.0,84),
(1.0,60),
(-1.0,52),
(0.0,260),
(0.0,296),
(0.0,42),
(-2.0,120),
(-1.0,68),
(-2.0,48),
(-1.0,176),
(0.0,28),
(0.0,48),
(-2.0,56),
(-1.0,78),
(-1.0,264),
(1.0,60),
(-3.0,54),
(0.0,42),
(0.0,40),
(0.0,48),
(0.0,300),
(0.0,46),
(-3.0,144),
(0.0,282),
(1.0,26),
(-2.0,118),
(-2.0,132),
(-1.0,276),
(1.0,24),
(-1.0,30),
(0.0,290),
(0.0,60),
(2.0,5),
(-2.0,118),
(-2.0,32),
(-4.0,358),
(-1.0,34),
(0.0,56),
(-4.0,340),
(0.0,294),
(-2.0,112),
(-1.0,58),
(-1.0,120),
(-5.0,316),
(-1.0,118),
(-1.0,34),
(-2.0,220),
(-2.0,46),
(-1.0,60),
(-2.0,62),
(-2.0,144),
(-2.0,118),
(-2.0,72),
(-1.0,118),
(-1.0,24),
(-2.0,112),
(-6.0,972),
(1.0,0),
(-1.0,144),
(-1.0,46),
(-3.0,66),
(-2.0,48),
(-2.0,130),
(-2.0,168),
(0.0,44),
(-4.0,168),
(0.0,32),
(0.0,48),
(0.0,30),
(0.0,214),
(-2.0,34),
(-4.0,322),
(0.0,304),
(-4.0,174),
(0.0,36),
(-1.0,90),
(-3.0,250),
(-1.0,188),
(0.0,60),
(0.0,28),
(0.0,64),
(0.0,238),
(-1.0,96),
(-1.0,110),
(-1.0,110),
(0.0,82),
(-1.0,80),
(0.0,280),
(0.0,180),
(0.0,156),
(0.0,168),
(0.0,168),
(2.0,54),
(-1.0,58),
(-5.0,80),
(-1.0,34),
(-2.0,86),
(-1.0,78),
(-3.0,330),
(0.0,40),
(-4.0,174),
(0.0,166),
(0.0,190),
(-1.0,178),
(-1.0,202),
(-1.0,180),
(-1.0,192),
(0.0,156),
(0.0,168),
(0.0,180),
(0.0,192),
(-2.0,220),
(0.0,48),
(-1.0,122),
(-1.0,30),
(-4.0,160),
(0.0,46),
(-1.0,86),
(-1.0,90),
(0.0,98),
(0.0,252),
(0.0,58),
(-2.0,130),
(0.0,42),
(0.0,234),
(0.0,258),
(0.0,48),
(-1.0,18),
(-1.0,40),
(-1.0,96),
(-4.0,166),
(-4.0,170),
(-1.0,84),
(-1.0,86),
(-3.0,150),
(-1.0,52),
(0.0,52),
(-3.0,136),
(-3.0,156),
(-8.0,320),
(0.0,58),
(0.0,66),
(0.0,94),
(-1.0,52),
(0.0,262),
(1.0,36),
(-2.0,120),
(0.0,36),
(-3.0,150),
(-1.0,70),
(0.0,20),
(-2.0,160),
(-2.0,324),
(-4.0,160),
(-2.0,90),
(-1.0,58),
(1.0,42),
(-1.0,36),
(-2.0,50),
(0.0,36),
(0.0,60),
(-2.0,68),
(0.0,46),
(-1.0,40),
(-11.0,1648),
(-3.0,256),
(0.0,52),
(-2.0,66),
(0.0,18),
(-1.0,114),
(0.0,88),
(0.0,190),
(0.0,210),
(-3.0,264),
(2.0,78),
(0.0,44),
(-4.0,132),
(-2.0,450),
(-2.0,594),
(0.0,288),
(-1.0,172),
(-2.0,268),
(-2.0,336),
(-2.0,288),
(-2.0,292),
(0.0,76),
(-3.0,64),
(0.0,60),
(0.0,162),
(-8.0,328),
(1.0,66),
(0.0,174),
(-1.0,76),
(-1.0,88),
(-2.0,62),
(0.0,284),
(-8.0,1148),
(-3.0,136),
(-2.0,32),
(-1.0,68),
(-1.0,182),
(-1.0,60),
(-4.0,716),
(-1.0,50),
(-1.0,24),
(-1.0,68),
(1.0,54),
(-3.0,90),
(-1.0,66),
(3.0,68),
(-5.0,298),
(-2.0,78),
(0.0,96),
(0.0,334),
(-1.0,78),
(1.0,124),
(0.0,76),
(-1.0,64),
(0.0,102),
(-3.0,94),
(-1.0,236),
(-2.0,518),
(2.0,0),
(0.0,166),
(-2.0,62),
(1.0,48),
(0.0,178),
(-1.0,178),
(-1.0,192),
(0.0,190),
(-1.0,120),
(0.0,64),
(-1.0,28),
(0.0,42),
(-1.0,350),
(-1.0,386),
(-1.0,422),
(0.0,88),
(-2.0,490),
(-1.0,118),
(0.0,114),
(0.0,192),
(0.0,88),
(-2.0,160),
(-2.0,32),
(-1.0,126),
(-2.0,26),
(2.0,6),
(3.0,5),
(0.0,61),
(-1.0,68),
(-5.0,348),
(-2.0,192),
(0.0,76),
(2.0,310),
(0.0,80),
(0.0,136),
(-1.0,58),
(-1.0,160),
(1.0,98),
(-3.0,122),
(-1.0,16),
(-2.0,394),
(-4.0,272),
(-2.0,536),
(0.0,146),
(0.0,92),
(-3.0,66),
(0.0,10),
(-5.0,328),
(0.0,176),
(0.0,60),
(-1.0,68),
(1.0,10),
(-4.0,168),
(2.0,168),
(-3.0,250),
(-3.0,66),
(-1.0,204),
(-2.0,126),
(-3.0,124),
(0.0,54),
(0.0,76),
(-3.0,330),
(0.0,74),
(-4.0,310),
(-1.0,70),
(0.0,92),
(-2.0,114),
(2.0,0),
(-2.0,140),
(1.0,8),
(-2.0,226),
(-1.0,202),
(0.0,108),
(-1.0,40),
(0.0,376),
(0.0,14),
(0.0,66),
(-3.0,58),
(-2.0,74),
(1.0,96),
(-1.0,62),
(0.0,98),
(-1.0,106),
(-2.0,80),
(-6.0,896),
(0.0,231),
(-2.0,90),
(-1.0,50),
(0.0,152),
(-1.0,72),
(0.0,260),
(-2.0,104),
(-3.0,146),
(-2.0,70),
(-3.0,126),
(-2.0,190),
(-1.0,70),
(-2.0,96),
(0.0,212),
(-1.0,32),
(2.0,9),
(0.0,76),
(-1.0,124),
(-4.0,938),
(-2.0,98),
(1.0,88),
(0.0,60),
(-2.0,26),
(-3.0,248),
(-2.0,262),
(-4.0,132),
(-2.0,1056),
(-2.0,1402),
(-2.0,90),
(0.0,66),
(-4.0,560),
(-1.0,312),
(0.0,100),
(-1.0,36),
(-1.0,36),
(-2.0,284),
(2.0,8),
(2.0,54),
(-1.0,42),
(0.0,72),
(-2.0,172),
(-3.0,278),
(-4.0,452),
(-1.0,24),
(0.0,70),
(0.0,50),
(-2.0,78),
(0.0,14),
(0.0,64),
(-1.0,116),
(-4.0,674),
(-3.0,322),
(-1.0,46),
(0.0,30),
(0.0,54),
(-2.0,162),
(-3.0,528),
(-1.0,340),
(0.0,56),
(2.0,0),
(-2.0,92),
(-2.0,108),
(-6.0,372),
(0.0,278),
(0.0,232),
(0.0,256),
(0.0,392),
(0.0,66),
(-2.0,216),
(-1.0,52),
(0.0,84),
(-1.0,147),
(0.0,44),
(-4.0,840),
(-6.0,1316),
(-1.0,124),
(0.0,304),
(-1.0,54),
(0.0,292),
(-2.0,316),
(-2.0,296),
(-2.0,254),
(-3.0,102),
(-2.0,174),
(-2.0,94),
(-1.0,38),
(-1.0,180),
(-1.0,180),
(-2.0,130),
(0.0,60),
(0.0,24),
(1.0,10),
(0.0,60),
(-1.0,88),
(-1.0,94),
(1.0,208),
(-6.0,1700),
(-3.0,144),
(-2.0,72),
(0.0,44),
(-2.0,96),
(0.0,12),
(-1.0,320),
(-1.0,356),
(-1.0,392),
(-1.0,428),
(-1.0,166),
(-4.0,256),
(-1.0,92),
(0.0,60),
(-3.0,112),
(-1.0,8),
(-1.0,76),
(0.0,32),
(-1.0,56),
(0.0,54),
(-1.0,76),
(-2.0,538),
(-2.0,586),
(-2.0,368),
(-2.0,392),
(-2.0,344),
(-2.0,348),
(0.0,110),
(0.0,12),
(-2.0,546),
(-2.0,396),
(-2.0,126),
(0.0,74),
(-1.0,76),
(-1.0,74),
(-1.0,288),
(-1.0,312),
(-1.0,300),
(-1.0,324),
(0.0,108),
(-1.0,52),
(-1.0,72),
(-2.0,86),
(-2.0,44),
(-2.0,124),
(0.0,238),
(-1.0,268),
(-4.0,996),
(0.0,286),
(0.0,316),
(0.0,42),
(-5.0,716),
(-2.0,204),
(-2.0,96),
(-2.0,282),
(-2.0,646),
(-7.0,1444),
(-2.0,58),
(0.0,42),
(-7.0,1508),
(-7.0,1572),
(-7.0,1380),
(-2.0,582),
(0.0,264),
(-4.0,170),
(-4.0,282),
(-7.0,1316),
(-3.0,324),
(2.0,116),
(0.0,16),
(-4.0,830),
(-4.0,752),
(-4.0,724),
(-4.0,266),
(-4.0,918),
(0.0,54),
(0.0,60),
(-2.0,362),
(-2.0,710),
(-5.0,1078),
(0.0,26),
(-1.0,204),
(0.0,332),
(1.0,70),
(0.0,276),
(0.0,108),
(-3.0,118),
(-4.0,754),
(-1.0,202),
(0.0,60),
(0.0,68),
(-1.0,288),
(-2.0,312),
(-2.0,340),
(-2.0,320),
(-1.0,16),
(-6.0,1170),
(0.0,322),
(-2.0,498),
(-8.0,330),
(-4.0,108),
(-2.0,32),
(-4.0,780),
(-4.0,696),
(-4.0,724),
(-4.0,668),
(-1.0,402),
(-2.0,70),
(-1.0,58),
(1.0,54),
(-3.0,80),
(0.0,42),
(-1.0,8),
(0.0,78),
(-1.0,124),
(-4.0,328),
(-1.0,74),
(0.0,64),
(-1.0,96),
(-1.0,24),
(0.0,26),
(0.0,18),
(-1.0,60),
(-8.0,1072),
(-10.0,1172),
(-2.0,78),
(0.0,70),
(0.0,42),
(-2.0,248),
(-2.0,292),
(-2.0,316),
(-2.0,268),
(-2.0,272),
(-2.0,60),
(-2.0,58),
(-2.0,86),
(-1.0,240),
(-2.0,64),
(-2.0,502),
(-3.0,280),
(0.0,70),
(-1.0,86),
(0.0,24),
(-1.0,70),
(0.0,42),
(-3.0,84),
(0.0,264),
(-2.0,74),
(0.0,1098),
(-6.0,1078),
(-1.0,36),
(-1.0,252),
(0.0,744),
(-4.0,688),
(0.0,660),
(0.0,38),
(-3.0,74),
(-2.0,32),
(1.0,44),
(-2.0,84),
(-2.0,98),
(-3.0,94),
(0.0,32),
(0.0,278),
(-1.0,214),
(-1.0,258),
(-1.0,282),
(-1.0,234),
(-1.0,108),
(0.0,392),
(0.0,30),
(2.0,7),
(-2.0,148),
(0.0,82),
(0.0,96),
(-1.0,74),
(0.0,52),
(2.0,44),
(1.0,0),
(0.0,190),
(-1.0,58),
(-2.0,74),
(0.0,50),
(-1.0,76),
(-2.0,32),
(0.0,170),
(0.0,8)]