ExactMolWtMolLogP = [(0.1125,1.008),
(-3.466129999999994,663.4300000000004),
(1.0094,311.18699999999995),
(0.9854,72.107),
(-0.038899999999999046,213.257),
(1.8769999999999998,171.26),
(-4.827799999999997,195.147),
(-0.8026,172.16),
(0.25060000000000004,46.005),
(4.217600000000003,255.4219999999999),
(-1.6774299999999998,131.067),
(-2.455129999999997,471.43000000000006),
(-4.447399999999999,171.08399999999997),
(3.369900000000002,368.3850000000001),
(-0.1733999999999956,917.7620000000009),
(2.3222000000000005,405.5550000000002),
(-2.996,18.998),
(-0.6226000000000003,131.13100000000003),
(-2.0123999999999946,378.38300000000004),
(-0.09149999999999991,78.136),
(-1.7745999999999968,903.6910000000008),
(-0.9535999999999965,889.7080000000009),
(-2.8776,175.59699999999998),
(-1.2392999999999994,60.120000000000005),
(-4.3101999999999965,312.171),
(-3.5021299999999975,312.19500000000005),
(-2.707599999999999,174.94899999999998),
(-5.226999999999992,605.3390000000004),
(-2.3496,164.15699999999998),
(-5.226999999999992,605.3390000000004),
(1.1992799999999992,1663.5150000000003),
(-3.5910299999999977,361.20700000000005),
(-1.9721099999999971,296.092),
(5.229600000000017,1620.8640000000007),
(-4.616599999999996,480.1080000000001),
(-3.0035999999999983,346.19200000000006),
(15.42249999999997,1128.46),
(-3.5148999999999924,617.3660000000004),
(-3.512399999999992,561.5210000000004),
(-0.6093000000000002,297.34000000000003),
(-5.90246,864.3570000000007),
(-1.9221999999999957,399.45300000000003),
(-4.101599999999997,401.13700000000006),
(-2.245929999999997,455.4310000000001),
(-4.327999999999996,520.1330000000002),
(-1.4370999999999965,384.41800000000006),
(-3.126999999999998,345.2080000000001),
(-5.6453999999999915,564.2860000000003),
(-3.5865999999999976,322.166),
(-3.982329999999997,400.1530000000001),
(-0.9543999999999999,184.08399999999995),
(-2.455129999999997,471.43000000000006),
(-3.0104999999999977,425.27200000000016),
(-2.4396,244.20299999999997),
(-3.729299999999998,228.09299999999993),
(-4.106029999999997,440.1780000000001),
(-5.015299999999998,662.3980000000005),
(-3.4673299999999974,321.182),
(-0.9523999999999999,251.246),
(5.577600000000011,1050.0090000000007),
(-2.0921999999999956,356.45200000000006),
(-1.8566000000000003,268.22900000000004),
(2.735900000000001,379.306),
(-3.752529999999998,336.197),
(-2.4440299999999993,283.244),
(-4.033599999999996,504.1340000000002),
(1.6566999999999996,352.36400000000003),
(-0.6485000000000001,129.135),
(-4.273999999999997,423.1710000000001),
(-4.621029999999996,519.1490000000002),
(-5.223099999999996,365.16700000000003),
(-1.733799999999996,861.6540000000008),
(-2.1053999999999973,463.29600000000016),
(-3.116499999999988,3184.2969999999837),
(-4.219660000000001,824.4480000000003),
(7.778940000000009,1240.3440000000007),
(-4.497329999999996,479.12400000000014),
(-4.119129999999998,351.21200000000005),
(-2.151,284.228),
(0.5660000000000027,987.8530000000007),
(-3.334999999999998,847.5830000000008),
(-4.974399999999999,832.3590000000006),
(-1.9236999999999995,131.107),
(-5.610799999999997,271.09399999999994),
(-14.100400000000034,990.8610000000015),
(-5.513799999999996,336.082),
(-2.0060299999999973,443.42),
(-5.397199999999993,342.2970000000001),
(-11.92460000000002,828.7200000000009),
(-2.4652999999999996,230.10899999999995),
(-3.769999999999998,258.143),
(12.395599999999982,1531.8240000000005),
(-16.276200000000042,1153.0020000000018),
(-4.414029999999995,585.3120000000004),
(1.1630000000000043,971.8540000000007),
(-5.395599999999993,342.2970000000001),
(-3.4965999999999977,242.11999999999995),
(-5.649829999999993,603.3270000000003),
(-5.006599999999999,203.12599999999998),
(-2.3203299999999993,243.219),
(15.009019999999962,699.1170000000002),
(-3.2941999999999974,805.5460000000007),
(-2.737999999999997,831.5840000000007),
(14.714619999999963,715.1160000000002),
(1.387000000000004,973.8700000000007),
(-2.513999999999997,833.6000000000007),
(-3.0719799999999946,544.2990000000003),
(-6.544199999999992,420.26000000000016),
(6.921999999999974,2619.0509999999917),
(2.9474000000000053,1029.9780000000005),
(-5.032999999999997,906.6270000000009),
(-2.8128299999999986,519.2650000000001),
(-3.2979999999999983,362.19100000000003),
(-1.4571099999999986,217.12099999999998),
(-1.981729999999997,457.44700000000006),
(-1.1820299999999997,180.19100000000003),
(8.091570000000006,952.070000000001),
(-5.397199999999993,342.2970000000001),
(0.6068000000000062,945.8160000000007),
(-5.391299999999999,385.027),
(-4.732399999999997,260.135),
(-4.160199999999997,256.10299999999995),
(-3.0719799999999946,544.2990000000003),
(-4.524199999999998,258.11899999999997),
(-3.9013999999999975,364.20700000000005),
(-3.7400999999999973,285.169),
(-7.572999999999987,504.43800000000016),
(-5.226999999999992,605.3390000000004),
(-2.4970999999999948,685.5460000000004),
(-3.2826999999999957,559.3180000000002),
(-3.1308999999999982,228.11699999999996),
(4.988650000000013,1579.6080000000004),
(-4.157499999999996,503.2350000000002),
(-3.518599999999997,425.1630000000001),
(-2.071399999999997,881.6440000000008),
(2.1264000000000056,1043.9610000000007),
(-3.585399999999998,182.172),
(-9.748800000000001,666.5790000000004),
(-0.3973999999999952,915.7460000000009),
(1.9432000000000036,999.9080000000007),
(-7.072799999999999,450.25300000000016),
(0.3828000000000065,943.8000000000008),
(-3.128099999999997,817.5570000000007),
(-0.2368000000000004,160.17300000000003),
(-1.2025999999999966,933.7610000000009),
(-0.9943999999999973,931.7450000000009),
(-0.214199999999998,959.7990000000008),
(-2.5547999999999975,875.6370000000009),
(-5.6453999999999915,564.2860000000003),
(-0.42239999999999744,961.8150000000007),
(1.346200000000005,1015.9070000000006),
(-1.9577999999999975,859.6380000000007),
(-2.7629999999999972,877.6530000000008),
(-1.982799999999998,905.7070000000009),
(0.3578000000000035,989.8690000000007),
(1.5639999999999938,1840.0330000000008),
(-5.6453999999999915,564.2860000000003),
(6.126860000000011,1329.37),
(-4.783999999999996,862.5740000000009),
(2.723400000000006,1027.9620000000007),
(-4.366799999999997,258.11899999999997),
(-3.5865999999999976,322.166),
(-7.056500000000016,908.6070000000005),
(5.500540000000009,1318.3070000000007),
(-6.887799999999998,577.2610000000003),
(-0.31011000000000016,139.15800000000002),
(-3.769999999999998,258.143),
(-3.2213999999999987,180.15599999999998),
(-4.188699999999999,165.12099999999998),
(-1.0305,112.108),
(-3.254999999999999,179.172),
(-0.5817999999999999,89.09399999999998),
(-0.5817999999999999,89.09399999999998),
(-1.8064999999999984,161.201),
(-6.469399999999997,618.3140000000004),
(-1.98,267.245),
(-2.189659999999997,785.5570000000007),
(-4.463799999999998,193.13099999999997),
(-3.9499999999999966,299.17199999999997),
(-3.9499999999999966,299.17199999999997),
(-3.219799999999999,180.156),
(-3.2213999999999987,180.15599999999998),
(-4.368399999999997,258.11899999999997),
(-4.368399999999997,258.11899999999997),
(-2.2372999999999985,221.209),
(-3.5431999999999975,849.5990000000007),
(-1.19426,456.3480000000001),
(-2.2372999999999985,221.209),
(-2.2372999999999985,221.209),
(-2.0116599999999965,785.5570000000008),
(-4.824799999999996,904.6110000000009),
(-3.834599999999999,180.156),
(-4.307779999999993,562.3140000000003),
(2.723400000000006,1027.9620000000007),
(-0.5303000000000005,168.11200000000002),
(-5.185799999999993,587.3280000000003),
(-2.438199999999998,294.18),
(-2.120299999999999,301.188),
(-3.9499999999999966,299.17199999999997),
(-1.1827,74.103),
(-5.397199999999993,342.2970000000001),
(-4.622229999999994,587.3280000000003),
(-1.1775999999999962,887.6920000000008),
(-5.397199999999993,342.2970000000001),
(-0.8330999999999991,165.214),
(-4.229199999999996,308.26300000000003),
(-4.368399999999997,258.11899999999997),
(-4.368399999999997,258.11899999999997),
(-4.368399999999997,258.11899999999997),
(-1.5680999999999996,215.14199999999997),
(-5.174099999999996,848.5470000000008),
(-5.513799999999996,336.082),
(-10.716600000000007,647.9340000000004),
(-3.280179999999994,546.3150000000003),
(1.9432000000000036,999.9080000000007),
(-2.904099999999997,819.5730000000007),
(2.167200000000004,1001.9240000000007),
(-1.189499999999999,147.198),
(1.1380000000000057,1017.9230000000007),
(-2.805599999999998,245.14399999999995),
(-2.1938,164.15699999999998),
(-2.1921999999999997,164.15699999999998),
(16.547899999999963,924.2580000000002),
(-3.7628,132.07099999999997),
(-6.064299999999996,676.3940000000005),
(1.2913999999999999,175.824),
(-1.3722600000000007,456.3480000000001),
(-0.4845999999999951,390.39300000000003),
(-0.6741,75.11099999999999),
(-6.070199999999998,208.12199999999996),
(-6.070199999999998,208.12199999999996),
(-0.7110000000000001,156.13699999999997),
(-2.6817799999999945,546.3390000000003),
(4.773800000000004,281.4599999999999),
(-2.0214299999999974,344.2000000000001),
(8.680140000000007,836.8550000000001),
(-5.252599999999999,189.09899999999996),
(-2.4644599999999994,326.309),
(-1.004199999999994,831.6990000000008),
(-0.8241999999999938,790.6700000000008),
(-0.6359000000000004,155.157),
(-5.280199999999993,422.2760000000001),
(-10.934900000000008,446.1390000000001),
(-0.6763299999999994,132.119),
(-8.520199999999917,2723.6459999999897),
(-4.366799999999997,258.11899999999997),
(3.9936000000000025,253.4059999999999),
(-0.44710000000000005,30.006),
(-4.928099999999995,862.5740000000009),
(-1.1953,33.006),
(-2.708129999999999,334.20500000000004),
(-5.824899999999992,617.3540000000003),
(-4.375499999999996,289.15299999999996),
(0.5029999999999997,214.173),
(3.213400000000001,225.35199999999992),
(0.8579999999999999,163.152),
(-4.197899999999997,333.189),
(0.246,2.016),
(-2.5823,150.12999999999997),
(-1.5023,132.11499999999998),
(-4.435499999999998,262.003),
(-0.0014000000000000123,46.069),
(4.834640000000004,560.6540000000003),
(-2.700099999999998,212.09399999999997),
(-3.2213999999999987,180.15599999999998),
(-2.4616999999999996,132.095),
(-2.7146999999999997,152.15099999999998),
(-5.824899999999992,617.3540000000003),
(-3.2213999999999987,180.15599999999998),
(-0.17699999999999982,115.13199999999999),
(-0.02079999999999793,189.27899999999997),
(-1.0127000000000004,117.104),
(-1.197899999999998,231.22799999999998),
(-2.8776,126.957),
(-2.924899999999995,388.3100000000001),
(-1.9014999999999982,276.07399999999996),
(-0.5621299999999998,60.056000000000004),
(-5.766599999999997,271.09399999999994),
(-1.9236999999999995,131.10699999999997),
(-3.5423999999999993,211.06599999999997),
(-4.1900999999999975,354.21200000000005),
(-9.750599999999851,4409.584999999964),
(-1.7495999999999983,90.17),
(-3.886699999999998,228.09299999999996),
(-5.1360300000000025,598.1200000000003),
(-2.189829999999999,392.33500000000004),
(-1.7417999999999993,147.15),
(-1.2370999999999996,220.17999999999998),
(-1.7648000000000001,119.121),
(-5.3764999999999965,285.121),
(-0.8823599999999998,356.27100000000013),
(-0.2817999999999998,135.18800000000002),
(-3.585399999999998,182.172),
(-3.885099999999998,228.09299999999996),
(-2.7960999999999974,148.274),
(-0.2701,33.075),
(-0.6405,76.095),
(-3.9978999999999987,251.10699999999994),
(0.15140000000000026,149.215),
(-0.3808,40.078),
(-3.152299999999999,225.093),
(-1.444999999999999,142.18200000000002),
(-0.5835,44.009),
(-0.7170999999999998,243.06799999999996),
(-3.0689999999999986,197.083),
(-3.0866,157.93099999999998),
(-4.709999999999997,320.146),
(-2.1151999999999997,155.15099999999998),
(0.11410000000000026,216.23699999999997),
(-2.2412300000000003,139.003),
(-3.332299999999998,266.12199999999996),
(-7.0120999999999984,573.3010000000004),
(0.8391999999999997,152.149),
(0.3691,149.16899999999998),
(-1.197899999999998,231.22799999999998),
(-4.696599999999997,213.05799999999994),
(-6.977099999999998,573.3010000000004),
(-1.2208999999999997,119.11999999999999),
(-2.350699999999999,236.11999999999998),
(-0.5802,89.09399999999998),
(-6.6828000000000225,1047.764000000001),
(-3.885099999999998,228.09299999999996),
(-0.6226000000000003,131.13100000000003),
(-3.401799999999998,346.2080000000001),
(-1.6333999999999995,218.10499999999996),
(-1.4566999999999988,224.19199999999995),
(-6.337800000000025,1118.8430000000008),
(-1.2431999999999994,220.14499999999998),
(-0.8386,95.099),
(-3.2459999999999978,346.2080000000001),
(-3.0705999999999984,197.083),
(-1.2317,152.04199999999997),
(-4.7980999999999945,532.2440000000003),
(-4.488399999999999,211.04199999999994),
(-4.972099999999995,333.2060000000001),
(-2.7639799999999966,399.1650000000001),
(-0.4323000000000001,74.079),
(-0.04360000000000014,179.15099999999998),
(2.1797400000000002,146.193),
(-3.8260999999999985,352.196),
(-5.651030000000003,677.0910000000006),
(-0.0025,200.59),
(-3.782199999999998,286.21599999999995),
(-4.827799999999997,195.147),
(-0.11220000000000019,112.08799999999998),
(-1.2846000000000002,101.08099999999997),
(-2.6724999999999985,172.136),
(-3.7628,132.07099999999997),
(-0.7465800000000002,245.12699999999998),
(-1.7912999999999997,86.06999999999998),
(-3.5903999999999994,177.13199999999998),
(-1.4760999999999995,125.125),
(0.7773999999999999,165.16799999999998),
(14.691999999999965,655.0640000000002),
(0.4584,137.11399999999998),
(-5.368829999999997,597.2560000000004),
(0.3166,115.15199999999999),
(-1.0615999999999959,189.303),
(-0.11330000000000007,135.13000000000002),
(-1.9313999999999985,156.137),
(14.994999999999964,669.091),
(-1.2846,101.08099999999999),
(-4.827799999999997,195.147),
(-0.23590000000000028,152.11300000000003),
(-3.914499999999996,309.33900000000006),
(-0.4323000000000001,74.079),
(-1.6735299999999969,273.269),
(-3.741399999999998,244.17899999999995),
(-2.292399999999998,229.18799999999996),
(6.770000000000009,610.7660000000005),
(-4.407899999999994,534.2840000000002),
(-4.057299999999999,185.11099999999996),
(-2.248499999999999,135.119),
(-3.885099999999998,228.09299999999996),
(-1.189499999999999,147.198),
(-0.3677000000000001,136.13),
(14.986399999999964,639.0650000000002),
(15.017619999999964,729.1430000000001),
(-0.19010000000000016,103.121),
(-1.9743999999999995,330.19300000000004),
(0.7949999999999999,178.16699999999997),
(-2.7184999999999997,138.1),
(-1.2190999999999999,482.3220000000001),
(-0.2794300000000001,73.051),
(0.05430000000000007,117.14800000000001),
(-3.1644999999999994,144.08199999999997),
(-4.827799999999997,195.147),
(7.250400000000011,661.8340000000007),
(-0.11779999999999985,154.189),
(-3.418399999999999,153.00599999999997),
(-0.6718999999999997,121.16099999999999),
(-1.4028,103.07699999999997),
(-1.2208999999999997,119.11999999999999),
(11.60869999999999,744.0480000000008),
(0.9649699999999999,122.127),
(-2.489399999999997,409.1640000000001),
(15.43379999999996,703.1080000000001),
(-1.7793999999999994,62.092),
(-3.4673299999999974,321.182),
(-3.5910299999999977,361.20700000000005),
(14.052599999999973,682.0660000000001),
(-1.5728,60.076),
(-2.2713999999999994,75.043),
(16.153619999999957,719.151),
(-0.8330999999999991,165.214),
(-0.0025,54.938),
(-3.105199999999998,322.16600000000005),
(-2.9963999999999995,142.956),
(1.1630000000000043,971.8540000000007),
(-1.6746999999999999,87.054),
(-0.40133000000000024,146.10199999999998),
(-1.4358999999999953,949.675000000001),
(14.40089999999997,727.1270000000001),
(-2.5573999999999986,306.167),
(-1.0460000000000003,155.089),
(4.997800000000004,283.47599999999994),
(-5.4894,911.3300000000007),
(-1.4493999999999994,328.201),
(-1.6747000000000003,87.05399999999999),
(4.394940000000005,614.4830000000004),
(-2.733599999999999,116.07199999999997),
(-1.4838999999999993,157.10500000000002),
(-2.8150999999999993,170.057),
(-1.223889999999997,422.2960000000001),
(-2.248979999999998,320.194),
(-3.2475999999999994,198.06699999999998),
(-1.4493999999999994,328.201),
(-1.2438,59.044000000000004),
(-2.4381299999999975,305.183),
(8.472899999999978,2424.867999999996),
(-2.996,22.99),
(-1.94326,375.3610000000001),
(-0.5549000000000002,122.103),
(-4.057499999999999,183.03199999999998),
(-1.6218,138.015),
(-2.5760999999999994,350.21600000000007),
(-1.7140299999999975,441.40400000000005),
(-1.1670999999999998,125.149),
(-3.1277999999999966,487.1510000000002),
(-0.6389,76.095),
(-1.5574999999999983,117.148),
(-0.9702999999999999,75.067),
(8.835900000000004,512.8160000000005),
(-3.5138000000000003,88.018),
(-2.6603999999999983,897.6430000000009),
(2.5262000000000047,768.8620000000008),
(-4.156999999999997,503.1500000000002),
(-0.7096000000000002,89.09399999999998),
(-0.3334999999999995,243.308),
(-3.0072299999999963,721.5440000000003),
(-2.9748999999999928,477.4430000000002),
(-2.2331,150.12999999999997),
(-0.2257,72.063),
(0.40041999999999983,167.16400000000002),
(10.396299999999995,568.9240000000007),
(3.437400000000002,227.36799999999994),
(-1.7897299999999998,304.175),
(-1.9090000000000003,305.159),
(-1.0664999999999978,222.26600000000002),
(-1.7466299999999997,210.173),
(10.496299999999996,691.9720000000008),
(4.464100000000005,453.5570000000001),
(2.9037000000000006,397.449),
(3.683900000000002,425.50300000000004),
(2.2982000000000014,428.45900000000006),
(-3.3280999999999983,132.21100000000004),
(-2.071599999999999,146.122),
(-3.8545999999999996,252.91199999999995),
(-2.7784,88.04199999999999),
(-2.757799999999999,224.16799999999995),
(-4.827799999999997,195.147),
(-3.8568999999999947,907.7030000000009),
(-0.5249999999999999,103.07699999999997),
(-3.591829999999997,503.1500000000002),
(3.459900000000002,423.487),
(5.020300000000005,479.59500000000014),
(2.222400000000001,453.48900000000003),
(3.782800000000004,509.59700000000015),
(2.446400000000001,455.50500000000005),
(3.2266000000000026,483.5590000000001),
(2.9037000000000006,397.449),
(3.683900000000002,425.50300000000004),
(4.464100000000005,453.5570000000001),
(5.244300000000005,481.61100000000016),
(3.5602800000000023,566.7020000000002),
(-1.2192999999999998,119.11999999999999),
(-3.243729999999997,333.2130000000001),
(-0.8537000000000001,73.071),
(-3.468129999999997,463.1250000000001),
(-1.0127000000000004,117.10399999999998),
(-1.7265999999999986,217.201),
(-0.4683799999999998,247.16699999999997),
(-1.452599999999998,257.223),
(8.487900000000009,631.8320000000008),
(-0.2862299999999998,146.14600000000002),
(-1.6796999999999986,356.33700000000005),
(1.0977999999999999,110.11199999999998),
(9.948299999999996,564.8920000000007),
(11.508699999999987,621.0000000000009),
(0.19621999999999973,126.11499999999998),
(-1.6339000000000001,45.017),
(-2.7022999999999997,103.05299999999998),
(-1.3179999999999983,259.30699999999996),
(-3.2789799999999962,478.13600000000014),
(-4.370129999999998,491.1390000000002),
(2.6572000000000005,199.31399999999996),
(-1.7265999999999986,217.201),
(-3.6419999999999977,424.17900000000014),
(-0.6485000000000001,129.135),
(-0.621,131.131),
(-2.953129999999997,384.15400000000005),
(-3.812999999999997,441.1620000000001),
(-8.42480000000002,828.7400000000007),
(-1.0385999999999993,147.13),
(0.08022000000000007,169.18),
(-1.1019800000000002,242.231),
(-0.3677000000000001,136.13),
(11.956699999999984,625.0320000000008),
(-0.7925999999999995,88.13),
(-2.0977999999999972,329.20900000000006),
(-1.4615,90.07799999999999),
(-3.0768299999999975,424.17900000000014),
(-3.5903999999999994,177.13199999999998),
(0.9792000000000001,62.137),
(-6.544199999999992,420.26000000000016),
(4.970770000000006,839.8540000000008),
(-3.587399999999997,464.1090000000001),
(-1.0667799999999998,247.14299999999997),
(0.1639999999999997,153.11299999999997),
(-0.10849999999999982,102.157),
(-0.4636,87.09799999999998),
(-3.5545999999999998,130.05499999999998),
(-1.4599000000000002,90.07799999999999),
(-2.5823,150.12999999999997),
(-3.6727299999999996,174.112),
(1.428,120.15099999999998),
(-2.7039000000000004,103.05299999999998),
(-15.782799999999888,4171.169999999966),
(-5.504459999999998,705.4070000000004),
(1.1335999999999997,136.15),
(-2.520299999999999,169.136),
(-0.6701999999999999,64.065),
(-1.7231999999999972,306.32),
(-1.4104,228.20399999999998),
(7.275500000000009,456.7080000000003),
(8.387900000000007,508.78400000000056),
(-5.208129999999997,740.3850000000004),
(-1.0615999999999959,189.303),
(0.26059999999999994,114.10399999999998),
(-6.310299999999996,366.108),
(13.944099999999974,1127.4219999999998),
(23.306500000000028,1464.0699999999986),
(15.823899999999957,717.1349999999999),
(-2.4654299999999973,454.42300000000006),
(5.623000000000006,688.7290000000007),
(9.856199999999996,853.0210000000011),
(6.735400000000009,740.805000000001),
(7.183400000000009,744.8370000000009),
(-1.019499999999998,190.199),
(-3.8492999999999995,181.01599999999996),
(-2.5823,150.12999999999997),
(4.481100000000006,410.488),
(-8.836700000000022,846.7550000000008),
(-0.67018,169.204),
(5.261300000000007,438.54200000000003),
(1.3172,203.17299999999997),
(-1.2169999999999987,225.224),
(-2.1914,165.10399999999998),
(15.845199999999958,705.1240000000001),
(1.6960999999999813,2887.1649999999886),
(-3.0723999999999974,385.13800000000003),
(-1.3379999999999999,96.063),
(-2.7728599999999997,175.124),
(-1.3372999999999928,460.4640000000001),
(-1.8842999999999992,147.14999999999998),
(-5.952800000000016,1821.769000000002),
(-1.7692300000000003,130.07899999999998),
(-1.1122999999999998,61.016000000000005),
(-2.850899999999999,173.14399999999998),
(0.17659999999999987,138.19000000000003),
(-1.744699999999998,259.06699999999995),
(-2.6426999999999996,171.12799999999996),
(-2.405999999999997,162.30100000000002),
(-5.564199999999996,834.5200000000008),
(-2.857499999999998,212.09399999999994),
(-0.9507999999999996,251.246),
(-1.3349999999999858,850.8290000000011),
(-4.827799999999997,195.147),
(-3.914499999999996,309.33900000000006),
(-1.019499999999998,190.199),
(0.09289999999999954,167.14),
(-1.4148300000000003,267.24500000000006),
(-4.737399999999998,255.09499999999994),
(3.4091900000000024,611.6240000000004),
(14.845099999999968,1316.6390000000001),
(-0.3808,24.305),
(3.459900000000001,423.4870000000001),
(-2.8150999999999993,170.057),
(0.47100000000000003,122.191),
(4.240100000000004,451.5410000000001),
(2.222400000000001,453.4890000000001),
(3.2266000000000026,483.5590000000001),
(3.6346000000000043,482.55100000000004),
(-0.7088899999999994,343.32500000000005),
(-0.7153999999999991,178.21300000000002),
(-2.0648,73.027),
(-1.6093999999999995,105.09299999999998),
(12.278399999999985,870.1790000000002),
(14.618999999999971,954.3409999999998),
(16.95959999999997,1038.5029999999992),
(-1.2911299999999999,227.22),
(16.16889999999997,1231.573999999999),
(0.27106999999999937,313.2970000000001),
(-1.7796299999999974,290.276),
(5.244300000000005,481.61100000000016),
(-2.650599999999999,222.19299999999998),
(-6.542599999999992,420.26000000000016),
(-0.4777,159.93599999999998),
(-1.9699999999999958,336.346),
(-1.0041,80.064),
(-0.0025,55.845),
(-0.0025,55.845),
(0.31690000000000024,164.25000000000003),
(0.5635999999999999,179.15099999999998),
(-3.287499999999998,966.6820000000009),
(-5.70739999999999,502.3660000000002),
(0.9377999999999997,187.23899999999998),
(2.5237000000000043,824.7070000000008),
(0.27899999999999997,212.15699999999998),
(-5.397199999999993,342.2970000000001),
(-1.5335999999999999,145.134),
(-3.6244999999999963,433.2940000000001),
(-0.7866,296.03599999999994),
(-2.5769299999999986,352.11600000000004),
(-1.17222,42.017),
(2.647800000000009,1016.0220000000011),
(-3.6440999999999986,763.5090000000006),
(10.042199999999989,1323.7320000000002),
(-0.5324599999999999,378.3850000000001),
(-0.021800000000000153,240.21099999999998),
(-4.057499999999999,183.03199999999998),
(0.13978,27.025999999999996),
(-3.613699999999996,904.6550000000009),
(1.2365700000000002,457.4830000000001),
(-2.738099999999999,150.12999999999997),
(-2.6050999999999993,175.11599999999996),
(-0.0025,107.868),
(-3.004399999999997,488.13500000000016),
(-1.368599999999994,436.579),
(-6.536,716.2520000000005),
(-4.447399999999999,171.08399999999997),
(-4.838799999999993,562.2940000000003),
(-3.126999999999998,345.2080000000001),
(-3.897199999999998,336.17300000000006),
(0.44439999999999996,131.175),
(-3.1274999999999986,194.13899999999998),
(-3.8568999999999947,907.7030000000009),
(-0.9149300000000002,195.18200000000002),
(-3.750999999999997,863.5820000000008),
(1.4504,205.324),
(-0.1521,241.19899999999998),
(-2.6892999999999967,288.256),
(-0.0025,65.39),
(-4.155299999999996,371.23500000000007),
(0.3762,18.039),
(-2.910999999999996,610.6240000000004),
(-5.505999999999993,558.3100000000003),
(0.2646399999999998,278.30800000000005),
(-1.2846,101.08099999999997),
(8.917150000000007,990.1060000000002),
(-0.3915,32.042),
(-1.2116,180.225),
(-2.904699999999999,165.01699999999997),
(-2.251599999999999,187.15099999999998),
(0.43811000000000017,265.362),
(-0.4519000000000002,163.152),
(-2.1931299999999996,255.23400000000004),
(-5.086299999999994,267.21),
(-3.0640999999999976,214.10999999999996),
(11.287799999999983,2232.7009999999987),
(2.926000000000002,613.5140000000002),
(-3.3391999999999977,242.11999999999995),
(0.3317000000000001,137.17999999999998),
(-4.826399999999993,384.3340000000001),
(-1.2655,183.183),
(-3.435699999999994,725.3970000000007),
(-0.5925,285.192),
(-3.561199999999996,399.338),
(-2.736599999999998,174.152),
(-4.352599999999996,325.2490000000001),
(-4.221829999999995,519.2930000000002),
(-1.4895000000000003,181.16699999999997),
(-4.366799999999997,258.11899999999997),
(-3.1500299999999957,587.3280000000003),
(-0.6638999999999999,113.13900000000001),
(-0.0025,63.546),
(-3.1274999999999986,194.13899999999998),
(-1.9134299999999995,344.20000000000005),
(12.651799999999975,2357.7649999999976),
(-4.732399999999997,260.135),
(-0.8428999999999975,218.277),
(-2.738099999999999,150.12999999999997),
(-1.9033,79.979),
(-5.9390999999999945,674.3780000000005),
(9.249300000000002,646.8870000000007),
(-6.154499999999996,366.108),
(-0.5445000000000386,2680.857999999992),
(-8.840999999999983,3558.6539999999745),
(-3.4965999999999977,242.11999999999995),
(-2.3496,164.15699999999998),
(8.895200000000003,1401.6950000000002),
(10.371199999999995,774.050000000001),
(-2.0393999999999974,267.30299999999994),
(-1.8829000000000002,89.07),
(-1.8829000000000002,89.07),
(3.924800000000006,709.8550000000007),
(-0.0025,58.693),
(2.5828,351.648),
(-2.9105,105.06899999999999),
(-3.3787999999999987,180.156),
(3.773300000000002,434.51000000000005),
(-5.582299999999995,747.4730000000006),
(-5.992800000000027,1189.9220000000007),
(-0.23910000000000006,62.004000000000005),
(-0.7391299999999985,175.18800000000002),
(0.05849999999999966,136.114),
(-2.700099999999998,212.09399999999997),
(0.01739999999999997,34.014),
(-0.05225000000000013,175.151),
(-2.9375999999999967,292.264),
(13.953999999999985,1713.0430000000006),
(-3.051699999999996,889.6880000000008),
(-1.0386000000000002,115.10799999999999),
(-0.4339,74.079),
(-1.5531,134.13099999999997),
(3.2171000000000016,408.47200000000004),
(12.42269999999998,1344.6290000000001),
(17.694899999999972,846.2950000000001),
(-0.5289300000000001,151.129),
(-0.0025,112.412),
(-3.685799999999998,254.08699999999996),
(-5.163299999999996,288.145),
(-6.2108,1053.5660000000012),
(-1.2987999999999893,743.5530000000007),
(7.375500000000008,579.7560000000005),
(8.935900000000006,635.8640000000007),
(-14.100400000000034,990.8610000000015),
(-2.1938,164.15699999999998),
(-2.8617799999999938,587.3680000000004),
(-2.86293,133.083),
(1.3829999999999998,218.25600000000003),
(-2.364499999999996,397.41300000000007),
(0.6988999999999999,114.09999999999997),
(8.742700000000005,2138.3820000000014),
(1.4368999999999867,3351.4979999999805),
(-1.9134299999999995,344.20000000000005),
(12.056699999999987,748.0800000000007),
(-2.1319,133.123),
(9.890799999999995,722.982000000001),
(8.743800000000002,800.9450000000011),
(8.838500000000005,733.9650000000008),
(-2.6756999999999893,645.6190000000007),
(-5.974799999999997,273.10999999999996),
(3.9973000000000023,436.52600000000007),
(-1.8541999999999983,259.15399999999994),
(-0.4484999999999999,109.126),
(2.446400000000001,455.50500000000005),
(2.446400000000001,455.50500000000005),
(-5.601299999999995,346.18100000000004),
(-2.5823,150.12999999999997),
(-0.8224,60.05200000000001),
(-0.0025,63.546),
(-2.7396999999999996,150.13),
(-1.5376999999999987,218.22899999999998),
(-4.868599999999996,237.18399999999997),
(-0.7154999999999989,544.5330000000004),
(-14.193099999999834,4307.340999999964),
(-2.612799999999997,408.1800000000001),
(-3.0242999999999993,186.11899999999997),
(2.1679,117.15099999999998),
(-4.525799999999998,258.11899999999997),
(0.067,31.998),
(10.609799999999993,792.0650000000009),
(12.95039999999998,876.2270000000004),
(15.290999999999965,960.389),
(17.631599999999978,1044.5509999999995),
(2.1140000000000003,407.57100000000014),
(-0.3607199999999932,656.7360000000004),
(-1.6796999999999982,249.268),
(-2.738099999999999,150.12999999999997),
(-3.2503999999999973,296.19199999999995),
(-2.996,35.453),
(-4.619599999999998,193.13099999999994),
(0.1904,75.111),
(0.4497,147.15299999999996),
(-1.5547000000000002,134.13099999999997),
(-4.621199999999998,193.13099999999997),
(19.289699999999996,1343.7899999999984),
(22.41050000000002,1456.005999999998),
(7.643570000000009,948.038000000001),
(9.20397,1004.1460000000009),
(6.083170000000008,891.930000000001),
(6.531170000000008,895.9620000000009),
(1.7493000000000003,323.13200000000006),
(-0.1849,30.026),
(20.185700000000004,1351.8539999999987),
(9.651969999999997,1008.1780000000008),
(-2.561829999999998,345.2080000000001),
(-3.585399999999998,182.172),
(-3.6560999999999986,191.159),
(-3.4478999999999993,189.14299999999997),
(8.870800000000003,714.9860000000008),
(10.431199999999993,771.094000000001),
(8.970600000000001,745.9960000000009),
(10.530999999999993,802.1040000000011),
(-3.043099999999999,276.249),
(-0.02100000000000013,135.142),
(-0.8577300000000003,193.142),
(-3.0812999999999993,224.16799999999998),
(-2.9576000000000002,114.05599999999997),
(-4.074699999999997,337.181),
(8.952900000000001,592.7950000000005),
(7.698400000000008,665.8660000000007),
(18.584000000000014,2473.1319999999946),
(12.073699999999983,705.011000000001),
(11.451199999999986,779.0900000000009),
(-1.6093999999999995,105.09299999999998),
(-7.287500000000001,1820.761000000002),
(-6.500929999999992,541.3590000000003),
(-4.981599999999997,258.11899999999997),
(-2.330699999999993,716.6980000000009),
(10.493499999999987,1640.9210000000007),
(-6.088299999999975,3658.752999999975),
(-4.791999999999999,148.06999999999996),
(-0.6718999999999997,121.16099999999999),
(-8.26409999999996,3820.8939999999725),
(-10.439899999999879,3983.0349999999694),
(-3.9124999999999885,3496.611999999977),
(12.669299999999978,1478.7800000000004),
(-9.748800000000001,666.5790000000004),
(-4.370129999999998,491.1390000000002),
(-3.6504999999999983,791.5190000000007),
(-1.7367000000000006,3334.47099999998),
(-2.827699999999994,891.7040000000009),
(0.06890000000000068,325.14300000000003),
(-0.1584,44.013),
(8.636199999999995,2078.448),
(-6.534599999999992,1910.8630000000028),
(-6.879599999999996,1839.7840000000022),
(-4.61313,741.3930000000006),
(13.88819999999999,2288.808999999998),
(0.15140000000000026,149.215),
(-0.7210299999999998,158.11700000000002),
(-3.3854000000000077,919.8920000000008),
(8.317700000000004,1803.0620000000008),
(5.089799999999967,2744.93999999999),
(-2.0518,125.94299999999997),
(4.006800000000005,511.61300000000017),
(3.783300000000004,864.858000000001),
(-2.055229999999998,175.21200000000002),
(10.0483,687.940000000001),
(-3.7434999999999983,290.161),
(-5.858199999999996,315.147),
(12.762299999999996,1916.2370000000008),
(3.782800000000004,509.5970000000002),
(-1.3445,170.05699999999996),
(-0.22050000000000042,172.184),
(8.810800000000004,717.942000000001),
(8.295800000000005,796.9130000000011),
(10.304199999999993,857.053000000001),
(10.398899999999996,790.0730000000008),
(0.01438,58.085),
(-9.338799999999857,2972.912999999985),
(4.9849200000000105,822.9530000000005),
(17.064899999999973,1239.6379999999992),
(-5.98380000000001,854.7780000000006),
(-4.876299999999997,306.0559999999999),
(-0.4777,247.836),
(-6.18959999999999,1981.942000000003),
(-7.224600000000001,1768.7050000000017),
(-6.879599999999996,1839.7840000000022),
(-7.569600000000003,1697.6260000000013),
(15.693699999999968,1005.436),
(-2.8806999999999987,174.152),
(-2.071599999999999,146.122),
(-1.5795999999999992,133.17100000000002),
(-5.006599999999999,203.12599999999998),
(-1.6429999999999998,104.10899999999998),
(-0.6485000000000001,79.96799999999999),
(1.1222999999999999,204.22899999999998),
(-1.729599999999996,334.33),
(-6.727100000000006,875.5800000000011),
(-4.411399999999999,191.11499999999995),
(0.641,165.19199999999998),
(-3.449599999999997,258.143),
(-1.7115999999999998,60.032000000000004),
(-0.00529999999999986,78.136),
(0.2052,44.053),
(1.0968,143.206),
(4.510999999999974,2694.997999999992),
(0.5490999999999899,2965.1279999999883),
(-4.098199999999999,213.08199999999997),
(0.3466,181.19099999999997),
(-0.40523000000000003,111.10399999999998),
(5.717700000000004,621.7490000000006),
(8.390500000000008,729.933000000001),
(9.950899999999999,786.0410000000008),
(6.830100000000007,673.8250000000008),
(7.278100000000007,677.8570000000008),
(-2.606899999999999,168.04099999999997),
(-4.791999999999999,148.06999999999996),
(-2.757799999999999,224.16799999999995),
(-4.061129999999994,662.4220000000004),
(-2.744299999999999,167.11999999999998),
(14.274299999999968,1274.602),
(11.368399999999989,719.9010000000006),
(0.15489999999999998,174.20000000000002),
(-2.1382999999999983,218.18499999999997),
(0.5952999999999999,58.08),
(0.4829999999999997,181.167),
(1.70062,108.13999999999999),
(-0.7170999999999998,243.06799999999996),
(-9.748800000000001,666.5790000000004),
(-4.832799999999999,190.10699999999997),
(-0.9889999999999848,2800.772999999988),
(-9.446999999999894,2741.6609999999896),
(-1.8813,89.07),
(0.3514000000000002,668.5440000000006),
(-0.8170000000000455,1896.8800000000028),
(-6.29780000000002,1750.6900000000019),
(-1.852000000000042,1683.6430000000014),
(-1.6681000000000001,92.094),
(-5.396699999999999,189.09899999999996),
(-2.1925999999999997,95.97800000000001),
(-0.3150999999999999,104.173),
(-3.885099999999998,228.09299999999996),
(-4.732399999999997,260.135),
(-4.737399999999998,255.09499999999994),
(-0.6405,76.095),
(14.700599999999964,685.0900000000001),
(6.760500000000008,535.6790000000004),
(9.433300000000001,643.8630000000009),
(10.99369999999999,699.971000000001),
(7.8729000000000084,587.7550000000007),
(-1.7831999999999981,274.249),
(16.75659999999997,978.4340000000001),
(-0.4339,74.079),
(-0.0025,58.933),
(2.2129,378.40200000000004),
(-0.808399999999998,240.30600000000004),
(-0.8273999999999999,252.23000000000002),
(-4.411399999999999,191.11499999999998),
(-1.3449,132.11499999999998),
(-1.359499999999998,104.19700000000002),
(-2.996,39.098),
(5.020300000000005,479.5950000000002),
(-1.6760999999999997,145.134),
(-0.1606799999999997,221.17399999999998),
(0.9863200000000001,143.21099999999998),
(-4.619599999999998,193.13099999999997),
(-3.4345999999999997,139.926),
(0.8355700000000004,444.4400000000001),
(-0.8247,18.015)]