MolLogPQed = [(0.12900156273124266,-0.7927134292887625),
(-0.5570457120393875,0.18976294596968651),
(0.3009432836528745,-0.33706173903237086),
(0.2963423233427851,-0.6503401981922877),
(0.09997717144176234,-0.40968570769414514),
(0.4672679988626055,-0.45932636422624684),
(-0.8180869464326966,-0.5417465574747954),
(-0.0464292197588736,-0.5151444131670008),
(0.15547625518221525,-0.7350042394435147),
(0.9159766531040726,-0.2607350627240037),
(-0.214139974262019,-0.6184080187726994),
(-0.363230258976873,0.007758197578617123),
(-0.7451617255177804,-0.6019576736872471),
(0.7534669008181238,-0.06934414759201771),
(0.07419262303730377,0.6607201170111173),
(0.5526158126147636,-0.037858587119926936),
(-0.46691865076512534,-0.8006851832152116),
(-0.011922017433203317,-0.5791019669711454),
(-0.27835596072329455,-0.17139980307486852),
(0.08989340009548294,-0.6505782037951278),
(-0.2327681123174928,0.5973188654593952),
(-0.07537692837651859,0.59452301651037),
(-0.4442205799020178,-0.7545142469172839),
(-0.13014752673454147,-0.6663790516631912),
(-0.7188595690784355,-0.37439205757661403),
(-0.5639471525045222,-0.3498215635051107),
(-0.4116304443722178,-0.6679411426529154),
(-0.894616252923849,0.033026937003030214),
(-0.3429994530800515,-0.544132348577963),
(-0.894616252923849,0.033026937003030214),
(0.3373445479728648,2.0155763306744854),
(-0.5809898763198117,-0.30689309510370566),
(-0.2706320986027325,-0.4403332303658743),
(1.1099838128461776,2.0328202667308584),
(-0.7775984957039098,-0.24849139498031475),
(-0.46837562152998663,-0.32417287537736833),
(3.064030827209086,1.4901345155756736),
(-0.566395246802848,0.08077716951498452),
(-0.5659159801038802,0.08077716951498452),
(-0.009372318594695436,-0.2698968446646534),
(-1.024106446717724,0.31929319400929507),
(-0.2610640182245423,-0.09161344291317049),
(-0.6788695557165754,-0.3107993979045348),
(-0.3231252216072606,-0.009021914305950764),
(-0.722271947975085,-0.18762217893832345),
(-0.16806710795686086,-0.13246151294276334),
(-0.4920322257910295,-0.30447576108931834),
(-0.9748263276630739,-0.06094943190148564),
(-0.580140615729241,-0.37310740082875476),
(-0.6560047000422271,-0.3137766185930728),
(-0.07553029372018892,-0.5520417335663185),
(-0.363230258976873,0.007758197578617123),
(-0.46969839761913723,-0.2271798571452896),
(-0.3602530542428866,-0.41950917388606357),
(-0.6074971589063142,-0.539367218330741),
(-0.6797188163071461,-0.2445850921794856),
(-0.8540319488552699,0.13665615362513994),
(-0.5572757600548927,-0.3760846215172928),
(-0.07514688036101481,-0.36099850734209543),
(1.1766977373424723,1.0049751487575327),
(-0.2936541537543421,-0.14793259401171102),
(-0.24848806004363222,-0.370574648434677),
(0.6319248659599292,-0.17224285906565104),
(-0.6119505050731215,-0.33349882383322954),
(-0.3611023148334573,-0.35329486816101435),
(-0.6658335015046554,-0.19955686952892823),
(0.4250350173495766,-0.21019973452821417),
(-0.01688722043450807,-0.5894265353208504),
(-0.7119197872773843,-0.25807398803200954),
(-0.7784477562944804,-0.1822770892552655),
(-0.8938685968734602,-0.3420627242293951),
(-0.22494647979034071,0.5283259160096231),
(-0.2961846819248915,-0.10859069799286192),
(-0.49001930565536345,4.412411754075),
(-0.7015024463086242,0.21447394937298647),
(1.598709319384645,1.5126970165942992),
(-0.7547336400295616,-0.2514686156688528),
(-0.6822301738097368,-0.3105126441661735),
(-0.3049265065140618,-0.3586399578440722),
(0.21594054192397372,0.7959101669616369),
(-0.5319072151451375,0.4649246644579006),
(-0.8461911456601595,0.32412786203806915),
(-0.2613515782439236,-0.612060007889722),
(-0.9681932765493625,-0.5112080012236436),
(-2.595706303571652,0.6270114981823812),
(-0.9495977286294177,-0.44974592182758977),
(-0.2771347891743256,-0.027514662892882697),
(-0.9272447297895662,-0.3087634463621682),
(-2.17859091012613,0.393067762046246),
(-0.365179915908274,-0.5075547585969183),
(-0.6152996207655074,-0.46628659434062586),
(2.483753878767024,2.1238903864970835),
(-3.012821697017173,0.8609552343185197),
(-0.7387644736199594,-0.012023509062250274),
(0.33038942963744733,0.792440446727463),
(-0.9269379991022269,-0.3086057318060693),
(-0.5628870145664059,-0.497730575520654),
(-0.9756755882536444,0.005264873823563397),
(-0.8523641007428627,-0.5587238125544868),
(-0.33738819856853824,-0.4224863945746016),
(2.984763949333428,0.8132551837107752),
(-0.5240855826179853,0.39593171500812857),
(-0.41745832743166394,0.4614549442237266),
(2.928325502862999,0.8251898743013805),
(0.3733317258649481,0.7931143180126122),
(-0.3745160312041631,0.46212881550887586),
(-0.48148452428014893,-0.05424226196121036),
(-1.147132291275921,-0.2623616733048596),
(1.4344281973793052,3.779055904618615),
(0.6724708286925928,0.9255085190141067),
(-0.8574251570839608,0.5335075560618153),
(-0.4318037382651638,-0.21361927285817536),
(-0.5248140680004163,-0.3122381847867635),
(-0.1719031586153983,-0.5026412332900944),
(-0.27247631686036006,0.006754559494351939),
(-0.11916848519459074,-0.4812701940543593),
(1.658642578623946,0.8863953091016),
(-0.9272447297895662,-0.3087634463621682),
(0.2237621744511263,0.7269172175118648),
(-0.9261136603800038,-0.430657442349212),
(-0.7997981292000911,-0.4804421926348404),
(-0.690103567140377,-0.5034728191313427),
(-0.48148452428014893,-0.05424226196121036),
(-0.7598847985100661,-0.4876096023251856),
(-0.6404898784632467,-0.29458060646280965),
(-0.6095675910458541,-0.4052510611303849),
(-1.3443601232350848,-0.07481971022603048),
(-0.894616252923849,0.033026937003030214),
(-0.3712761883191414,0.28296006159020404),
(-0.521880955802734,-0.003567141317970178),
(-0.4927798818414191,-0.5093484032303696),
(1.0637920883996752,2.026525305289474),
(-0.6895859591054918,-0.18077808408798082),
(-0.567104561517321,-0.2618648724531483),
(-0.2896666548189315,0.5713676521376811),
(0.5150796447516186,0.9283043679631315),
(-0.5799105677137366,-0.5268439656921493),
(-1.7614755166806064,0.15912402591010832),
(0.031250326809802983,0.660046245725968),
(0.47995898105126944,0.8586375472282103),
(-1.2484684421056407,-0.20354704779822835),
(0.1808198782236255,0.7262433462267154),
(-0.4922431031385751,0.42835639397335284),
(0.06203841955148341,-0.5081175128084529),
(-0.12311189159369591,0.6706833756504872),
(-0.08319856090367067,0.6635159659601421),
(0.06637099051015137,0.7297130664608893),
(-0.38233766373131506,0.5311217649586475),
(-0.9748263276630739,-0.06094943190148564),
(0.026457659820126128,0.7368804761512344),
(0.3655100933377963,0.8621072674623843),
(-0.2678887760178418,0.5276520447244737),
(-0.42225099442134034,0.5382891746489931),
(-0.27268144300751834,0.6044862751497403),
(0.1760272112339485,0.8030775766519823),
(0.4072638081518553,2.3281794847805677),
(-0.9748263276630739,-0.06094943190148564),
(1.2819945481724595,1.589111152792869),
(-0.8096901938667834,0.45734719692169856),
(0.629528532465092,0.924834647728957),
(-0.729710167143063,-0.4961476948848986),
(-0.580140615729241,-0.37310740082875476),
(-1.245343623228375,0.5680907737925555),
(1.1619248206134931,1.5532203380151992),
(-1.213002706382035,-0.07585202368413176),
(0.04798440287095629,-0.5490430063474033),
(-0.6152996207655074,-0.46628659434062586),
(-0.5101293363440479,-0.5427071824983064),
(-0.6955672075086086,-0.5848083663645389),
(-0.09011917203676398,-0.6105602858380916),
(-0.516570680778173,-0.528594597264846),
(-0.004100384906051299,-0.6480949164209173),
(-0.004100384906051299,-0.6480949164209173),
(-0.23888355539632025,-0.5244682109698243),
(-1.1327926316428099,0.018124345220384096),
(-0.272144664304675,-0.35087753414662703),
(-0.31233788674689683,0.44273422641479837),
(-0.7483057150630079,-0.5576097742809525),
(-0.6498068230911774,-0.40232904053648133),
(-0.6498068230911774,-0.40232904053648133),
(-0.5098226056567086,-0.5425494679422076),
(-0.5101293363440479,-0.5427071824983064),
(-0.7300168978304024,-0.4963054094409974),
(-0.7300168978304024,-0.4963054094409974),
(-0.3214707929624246,-0.44579158777558503),
(-0.5718205458351626,0.4720920741482457),
(-0.12151305788594052,-0.0453019972834453),
(-0.3214707929624246,-0.44579158777558503),
(-0.3214707929624246,-0.44579158777558503),
(-0.27821409778040057,0.4586856199955016),
(-0.8175118263939352,0.5263401463714698),
(-0.6276838722668315,-0.5423143298767511),
(-0.7183956389138342,-0.03695387907539689),
(0.629528532465092,0.924834647728957),
(0.005772509092682028,-0.5377456259403068),
(-0.8867179377248623,0.007682207837950642),
(-0.3599846648914643,-0.3824527051619554),
(-0.299041111450739,-0.3675773549844536),
(-0.6498068230911774,-0.40232904053648133),
(-0.11929692866991415,-0.6685196683200596),
(-0.9272447297895662,-0.3087634463621682),
(-0.7786778043099847,-0.004856099371905031),
(-0.1183192246040194,0.5938491452252211),
(-0.9272447297895662,-0.3087634463621682),
(-0.052276273486278675,-0.5199418032097884),
(-0.7033313280318838,-0.34131429697227156),
(-0.7300168978304024,-0.4963054094409974),
(-0.7300168978304024,-0.4963054094409974),
(-0.7300168978304024,-0.4963054094409974),
(-0.19318068298276597,-0.4861428569534666),
(-0.8844749695736942,0.42424864667132484),
(-0.9495977286294177,-0.44974592182758977),
(-1.9470092411849624,-0.2639036915328984),
(-0.5213978549701741,-0.04707485227086522),
(0.47995898105126944,0.8586375472282103),
(-0.4493008069110742,0.4290302652585023),
(0.5229012772787702,0.8593114185133598),
(-0.12060053409110591,-0.5338801855471942),
(0.3255967626477711,0.8692746771527294),
(-0.4304176989717492,-0.47309986316409464),
(-0.31313155240038787,-0.5528281556937749),
(-0.3128248217130486,-0.552670441137676),
(3.279777524416359,1.1463081806681013),
(-0.613919332672481,-0.652736025676298),
(-1.0551322557420928,0.12862489829798088),
(0.35500456729642466,-0.691847801820112),
(-0.15563684685243687,-0.06125339086414851),
(0.014533504349811599,-0.11734528962503767),
(-0.02179491143193673,-0.6520377803233877),
(-1.0562633251516569,-0.5566491492574416),
(-1.0562633251516569,-0.5566491492574416),
(-0.028868887908699157,-0.5363527196562159),
(-0.4066805779052791,-0.017056037170493827),
(1.0226039082903942,-0.19521183350840554),
(-0.2800870720399663,-0.304313745227144),
(1.7714753790285007,0.853617206153846),
(-0.8995239439212789,-0.591320543762728),
(-0.36501888229742074,-0.24901400366847867),
(-0.08507728636362323,0.5086151809190008),
(-0.05057008403795286,0.44465762711485707),
(-0.014471716271711198,-0.5289652264716783),
(-0.9048150482778806,-0.23054921357103708),
(-1.9888588093388169,-0.33895144616817285),
(-0.022222417327415752,-0.581435425517062),
(-1.525944690139932,3.833378532813804),
(-0.729710167143063,-0.4961476948848986),
(0.8730343568765717,-0.2614089340091532),
(0.02172250483432531,-0.7612493753470492),
(-0.8373151263952779,0.45684537787956603),
(-0.12171243283271106,-0.7877920182541336),
(-0.4117320489123989,-0.30257386691963595),
(-1.0092376766489506,0.050744016727694366),
(-0.7313780152554703,-0.4373373706843426),
(0.2038630211099885,-0.44679952716592575),
(0.7234648054627492,-0.3276060345099009),
(0.27191889236339395,-0.49559497705420685),
(-0.6973309089608091,-0.3673314636538086),
(0.1545944044561148,-0.7855302481428075),
(-0.3876095974199597,-0.5857689913880498),
(-0.18056638346593767,-0.5943615671580516),
(-0.7428804160306942,-0.5622222081624968),
(0.10716617192627681,-0.7092121744465915),
(1.0342673426764708,0.3700471719305836),
(-0.4101926442753147,-0.5493304769701106),
(-0.5101293363440479,-0.5427071824983064),
(-0.36448977186176057,-0.6197779847577213),
(-0.41299156179728613,-0.5955085821114975),
(-1.0092376766489506,0.050744016727694366),
(-0.5101293363440479,-0.5427071824983064),
(0.07350247899078956,-0.595222545257482),
(0.10344706234228829,-0.4347422493521714),
(-0.08670679314011444,-0.6122005172215191),
(-0.12221087019963701,-0.41344576608841016),
(-0.4442205799020178,-0.7545142469172839),
(-0.45328830584648466,-0.211819176265611),
(-0.2570956899570907,-0.47928729195358943),
(-0.0003295145185738655,-0.6964294096747825),
(-0.998061177229026,-0.5025121941078317),
(-0.2613515782439236,-0.612060007889722),
(-0.5716671804914936,-0.5604092076517064),
(-0.6958355968600302,-0.2999945170430744),
(-1.7618205887038347,6.380837092363469),
(-0.2279754453278167,-0.6232978868961083),
(-0.637671790273317,-0.5308291257710279),
(-0.8771766962818164,-0.1199690863310454),
(-0.31237047688242703,-0.21184139968033414),
(-0.22648013322703775,-0.5717940479490031),
(-0.12972577203945,-0.44694577157249005),
(-0.23088938685754024,-0.6295863963783757),
(-0.9232764015221148,-0.4694136438574578),
(-0.06171974452273726,-0.23657534338270336),
(0.053411618970065945,-0.55636239551908),
(-0.5799105677137366,-0.5268439656921493),
(-0.6373650595859778,-0.5306714112149291),
(-0.4285964855156721,-0.5066149232194388),
(0.05565458712123447,-0.7378861145140475),
(-0.015353566997811586,-0.6661503655568479),
(-0.658989573043398,-0.49815927235950436),
(0.13645895256717921,-0.5238947034931015),
(0.034432657690947215,-0.7594356579519128),
(-0.49688240478458223,-0.5273106574013325),
(-0.16958159072559909,-0.5422225686804755),
(-0.004426286261349325,-0.7647907840158134),
(-0.030038298654180163,-0.5018806189990904),
(-0.4809132383749803,-0.5614128457359715),
(-0.4842872759357127,-0.7098272612153768),
(-0.7955038995773411,-0.4048696786583641),
(-0.2980634073848452,-0.6024179134373172),
(0.12930829341858197,-0.405868298552208),
(-0.3222242002132021,-0.6670794476691392),
(-0.5313896071102523,-0.46335310359718795),
(-1.2368318466547064,-0.04259575887765926),
(0.2683148067871572,-0.5172319803822724),
(0.17819349671328158,-0.5155802788493102),
(-0.12221087019963701,-0.41344576608841016),
(-0.7929350300708747,-0.5814684021969735),
(-1.2301221128691593,-0.02797131822122364),
(-0.12662012383013965,-0.6050331075311739),
(-0.34321033042759697,-0.4916162689344414),
(-0.0037936542187120416,-0.6479372018648186),
(-1.173702837066693,0.7805064730212059),
(-0.6373650595859778,-0.5306714112149291),
(-0.011922017433203317,-0.5791019669711454),
(-0.5447132213415529,-0.300003836539571),
(-0.20569912915980082,-0.5077863122406453),
(-0.17182455887676762,-0.42895054072161537),
(-1.1075640326091587,0.9204838766336704),
(-0.13089518278493098,-0.4706000874499285),
(-0.05333066022400767,-0.688699245772903),
(-0.5148453206618893,-0.3086996436553829),
(-0.4812199690623195,-0.5615705602920704),
(-0.12869055596967993,-0.6287082130546436),
(-0.8123932580489603,-0.1111786504815743),
(-0.7530216993808496,-0.5886358118873186),
(-0.8457502202971086,-0.35938480067946604),
(-0.4224388669673357,-0.2868038450784461),
(0.024559763692213746,-0.6733177752471932),
(0.09907615004770297,-0.49791051349147586),
(0.5253052790407912,-0.4740174751268514),
(-0.6260543654903417,-0.3158577338492314),
(-0.9759056362691511,-0.057661083406825415),
(0.10695529457873106,-0.8006851832152116),
(-0.6176384422564695,-0.3923134493398609),
(-0.8180869464326966,-0.5417465574747954),
(0.08592507182803083,-0.618871842944499),
(-0.1388318393198353,-0.6551218167794655),
(-0.404901539918712,-0.5616114226997869),
(-0.613919332672481,-0.652736025676298),
(-0.03568981156840669,-0.4535568790104139),
(-0.2359696138665972,-0.6692487396998438),
(-0.5808691011116722,-0.5588772258045103),
(-0.17554366846075667,-0.6454797223270607),
(0.2564673339886771,-0.5007063624405002),
(2.9239890977707397,0.732326109901707),
(0.19531290320040579,-0.5652080314631858),
(-0.9218060112896822,-0.054686730255670946),
(0.16812889603496106,-0.5917205652277423),
(-0.09608124977192073,-0.41449743542385087),
(0.08571419448048508,-0.5482551504512551),
(-0.26282771967674373,-0.5645793238918283),
(2.9820762216856176,0.7673616816547121),
(-0.13883183931983528,-0.6551218167794655),
(-0.8180869464326966,-0.5417465574747954),
(0.06221095556311179,-0.5496803165309115),
(-0.6430012359658368,-0.29065208024725714),
(0.024559763692213746,-0.6733177752471932),
(-0.2133923182116289,-0.33557492089896673),
(-0.6098168097293175,-0.46130639878963303),
(-0.33203383100767137,-0.45372893125343083),
(1.4052887820820792,0.3416621362545273),
(-0.7375893116740906,-0.07399242569085757),
(-0.6703769498108691,-0.5688591234368733),
(-0.32361790777379973,-0.5949121343357056),
(-0.6373650595859778,-0.5306714112149291),
(-0.12060053409110591,-0.5338801855471942),
(0.036944015193537655,-0.5484501429933408),
(2.980427544241169,0.720391419311102),
(2.986412626777877,0.8602254460543856),
(0.07099112148819904,-0.6148386516144447),
(-0.27107110689898745,-0.3341361340167379),
(0.25984137154940934,-0.46969753005843584),
(-0.41372004717971694,-0.6603823141097067),
(-0.12627505180688303,-0.05222494941183752),
(0.05386596380068721,-0.6829763580395537),
(0.1178442339792759,-0.5823996349623024),
(-0.4992212262755444,-0.6268048851162693),
(-0.8180869464326966,-0.5417465574747954),
(1.4973846709557017,0.45680236481881037),
(0.08485151442234336,-0.5051087492086949),
(-0.5478955522226983,-0.6675920199764603),
(-0.021373156736845145,-0.5894609457694537),
(-0.16149156884702548,-0.6452990674718929),
(-0.12662012383013965,-0.6050331075311739),
(2.33289989259997,0.7085477730324261),
(0.2924257558788215,-0.5591345872846896),
(-0.3698000468863215,-0.2718281310925179),
(3.066197112688418,0.8350369976767131),
(-0.23368830437951119,-0.6942930943239894),
(-0.5572757600548927,-0.3760846215172928),
(-0.5809898763198117,-0.30689309510370566),
(2.801411846842776,0.754375321728667),
(-0.19408170437682523,-0.7016182185704335),
(-0.3280079907363434,-0.7139937930337691),
(3.204191414788773,0.8917826949610665),
(-0.052276273486278675,-0.5199418032097884),
(0.10695529457873106,-0.8006851832152116),
(-0.48785302017603166,-0.3809658870285511),
(-0.4669953334369601,-0.749592835882655),
(0.33038942963744733,0.792440446727463),
(-0.2136166150267464,-0.6882203670298392),
(0.030496919559024893,-0.5759276030874837),
(-0.16783705994135617,0.6893316881404818),
(2.8681832833429484,0.8391375761352824),
(-0.3828361010982417,-0.3830706594681244),
(-0.09309062557036347,-0.584887940526934),
(1.065546204517895,-0.194537962223256),
(-0.9449200856474942,0.38643586496228916),
(-0.1704251001157822,-0.31260379580317443),
(-0.21361661502674645,-0.6882203670298392),
(0.9499739156620419,0.36105457469556757),
(-0.4166148180414813,-0.6626992843156675),
(-0.17703898056153566,-0.5602450411364944),
(-0.4322389124278267,-0.6096276193040707),
(-0.12719332680210446,-0.20218425065666512),
(-0.3237099269800014,-0.3491118480026661),
(-0.5151520513492289,-0.5738909346607713),
(-0.1704251001157822,-0.31260379580317443),
(-0.13101020679268333,-0.7241147662292375),
(-0.359971245423893,-0.3860478801566624),
(1.7317460867508734,3.470237899858911),
(-0.46691865076512534,-0.8006851832152116),
(-0.26510136089664654,-0.139422459941488),
(0.0010565247748404879,-0.5958892476991723),
(-0.6704152911467867,-0.6245302110867169),
(-0.20347533167659101,-0.6618067633050174),
(-0.3864210160065198,-0.30621635628117233),
(-0.22115643873490487,-0.029777866772900726),
(-0.11630630446835599,-0.6180947403135394),
(-0.49218559113469884,-0.18982301388024772),
(-0.015046836310472307,-0.6659926510007491),
(-0.19114859217914293,-0.6006285701099416),
(-0.07857842992562314,-0.6810357521151924),
(1.8013356114409802,0.2752205781918271),
(-0.5661843694553037,-0.7288963848164152),
(-0.4025818890957086,0.5739125915656392),
(0.591723975250524,0.6021320269577922),
(-0.6894901057656985,-0.17985975524087816),
(-0.028600498557277306,-0.6461069961297264),
(0.04350038363541513,-0.36699524489557983),
(-0.4690715167768873,0.29214621759861376),
(-0.46287363982583707,-0.031605921854955026),
(-0.3206656249081592,-0.5874034876967102),
(0.06416636369489982,-0.6806428994936371),
(0.18419774991794818,-0.49995865206772266),
(2.100474714268623,0.4076147791933206),
(0.7664071016902503,-0.3269321632247514),
(-0.23566863437964555,-0.384212656231149),
(-0.258533490053994,-0.3812354355426109),
(-0.09702061250189763,-0.4195579220215851),
(-0.22740607648944336,-0.46070564970776573),
(2.1196453822273287,0.5775013146012311),
(0.9632323496222825,0.0456792288238853),
(0.6640932467946374,-0.08671497217761008),
(0.8136627982084599,-0.02051787167686229),
(0.5480148523046743,-0.057765748521327064),
(-0.5305844390559867,-0.5418067757598514),
(-0.2897049961548493,-0.5866794345073475),
(-0.6315180058585729,-0.6215393695956067),
(-0.42520327728698165,-0.6988775697160436),
(-0.4212541196874881,-0.46190858164019205),
(-0.8180869464326966,-0.5417465574747954),
(-0.631958931221622,0.5955782702675411),
(0.006788554494493554,-0.6426250888616721),
(-0.5811432416634812,-0.19224034789463507),
(0.770720501980959,-0.021191742962011928),
(1.069859604808604,0.11120245803948346),
(0.5334834859919753,-0.008148749172639901),
(0.8326225888196203,0.12424545182885548),
(0.5764257822194762,-0.007474877887490466),
(0.7259953336332986,0.05872222261325723),
(0.6640932467946374,-0.08671497217761008),
(0.8136627982084599,-0.02051787167686229),
(0.9632323496222825,0.0456792288238853),
(1.1128019010361048,0.11187632932463289),
(0.789964018477908,0.3476258971280999),
(-0.1263133931428004,-0.6048753929750752),
(-0.5144101464992266,-0.3335160290575311),
(-0.056225431085772264,-0.6910162159788636),
(-0.5574291253985622,-0.2614318743082224),
(-0.08670679314011444,-0.6122005172215191),
(-0.2235661916973144,-0.4467020308948828),
(0.01764298669271277,-0.4197005820064199),
(-0.1710385614904605,-0.4027964491300104),
(1.734621686944685,0.44375937102943885),
(0.05256235837949527,-0.5483368752666881),
(-0.2145751484246814,-0.221027555688744),
(0.31789015412837035,-0.5872572432901458),
(2.0145901218136215,0.40626703662302155),
(2.313729224641264,0.5386612376245147),
(0.14505124594627103,-0.5849130314790408),
(-0.2057949824995944,-0.7572133164796114),
(-0.41061439897040664,-0.6780993938343708),
(-0.14523484241804271,-0.3630423446122668),
(-0.52116780695467,-0.224495842154226),
(-0.7303485503860881,-0.19386409093810705),
(0.6168375502764277,-0.393129263725499),
(-0.2235661916973144,-0.4467020308948828),
(-0.590761165778364,-0.24216775816509825),
(-0.01688722043450807,-0.5894265353208504),
(-0.011615286745863974,-0.5789442524150464),
(-0.45870018541122765,-0.3237398772324424),
(-0.6235430079877506,-0.24993018186254354),
(-1.5076558729073466,0.5079929253067571),
(-0.09167199614141902,-0.569531560953331),
(0.12281327111417242,-0.4961211701641001),
(-0.10382236549364689,-0.3955136210599749),
(0.036944015193537655,-0.5484501429933408),
(2.399613817096265,0.5400089801948142),
(-0.04451215296300294,-0.6354211180696859),
(-0.29472771116002977,-0.31443901972868793),
(-0.17274475093878575,-0.6633545166078235),
(-0.48241430167614663,-0.2545483508188552),
(-0.5808691011116722,-0.5588772258045103),
(0.29515374192934535,-0.6613300352149916),
(-1.147132291275921,-0.2623616733048596),
(1.0603643729686572,0.6216069070986103),
(-0.5802939810729105,-0.25845465361968434),
(-0.0970742903721824,-0.4497193971067914),
(0.13887445672997603,-0.553273340872581),
(0.08663438654250298,-0.5930511025737397),
(0.01855934462113886,-0.65791766572849),
(-0.5740060019824557,-0.6599034353666431),
(-0.17243802025144647,-0.6631968020517247),
(-0.3876095974199597,-0.5857689913880498),
(-0.5966523120420747,-0.5719259546686493),
(0.38119169972801664,-0.541101361563482),
(-0.41092112965774596,-0.6782571083904697),
(-2.9182336213088895,5.849015006586114),
(-0.947807188242075,0.1787709582939449),
(0.32475325325758686,-0.5291666709728772),
(-0.37572378328556194,-0.5491448039245216),
(-0.021047255381547184,-0.7367405333292935),
(-0.22291438898671811,-0.2810314923252295),
(-0.16294853961188713,-0.4294724325254332),
(1.5021965086133366,0.14282637719033334),
(1.715451018985979,0.27387283562152803),
(-0.8909987478800421,0.21687336127872592),
(-0.09608124977192073,-0.41449743542385087),
(0.15739332197808584,-0.5884042582435918),
(-1.102292098920509,-0.39814602037813335),
(2.780611672107581,1.3075412051366124),
(4.575446289073458,2.1019064111455994),
(3.140981888395328,0.8681355479270869),
(-0.3652048377766198,-0.009538071035001549),
(1.1854012205957238,0.3880639093118351),
(1.9969339366236534,0.7838987697460175),
(1.3986557309683672,0.5191103677430295),
(1.4845403234233685,0.5204581103133287),
(-0.08801039856130599,-0.47756103444865355),
(-0.6305019604567614,-0.631697620777062),
(-0.3876095974199597,-0.5857689913880498),
(0.9664913631752627,-0.04599307379289618),
(-1.5866198542292558,0.5303367765998835),
(-0.021043421247955458,-0.49132306323696673),
(1.1160609145890854,0.02020402670785141),
(0.3599505996297707,-0.4277755672786792),
(-0.12587246777974995,-0.4182137638730157),
(-0.31267145636937893,-0.5648445710998126),
(3.145065240670533,0.8578238834956085),
(0.4325882605253032,4.070650762967983),
(-0.481565041085576,-0.3207626565439044),
(-0.14906897600978417,-0.7255944155191828),
(-0.42414122228206935,-0.5442026032438614),
(-0.14893478133407184,0.0037866583023108157),
(-0.25379833506819344,-0.5721381524350369),
(-1.0337569609681396,2.296815794647276),
(-0.23173864744811098,-0.6215608761259837),
(-0.10580077842698525,-0.7431566482251316),
(-0.4391020115570431,-0.5445610454168133),
(0.141289960892773,-0.5170434397992998),
(-0.22703608259784,-0.49175964580362197),
(-0.399188680867018,-0.5517284551071585),
(-0.3538117098087609,-0.4735163729690649),
(-0.9592597452806053,0.3911500964209513),
(-0.44036727564231753,-0.5407923844103975),
(-0.07484014967367544,-0.3608407927859967),
(-0.14849385597102024,0.6579665642385029),
(-0.8180869464326966,-0.5417465574747954),
(-0.6430012359658368,-0.29065208024725714),
(-0.08801039856130599,-0.47756103444865355),
(0.12524411181133624,-0.5218702221002692),
(-0.16379780020245785,-0.36325812680038394),
(-0.8007566625980269,-0.5124754527472013),
(0.7609990562590995,0.32822342230621687),
(2.9533393904155187,1.7823996607884671),
(0.034432657690947215,-0.7594356579519128),
(0.770720501980959,-0.021191742962011928),
(-0.4322389124278267,-0.6096276193040707),
(0.19772840736320274,-0.5289781303899047),
(0.9202900533947816,0.04500535753873566),
(0.5334834859919753,-0.008148749172639901),
(0.7259953336332986,0.05872222261325723),
(0.8042116589048183,0.07395458119501869),
(-0.02846438681477033,-0.2644922535808852),
(-0.029712397298882032,-0.48242437785126413),
(-0.28840139073365745,-0.7213189172802131),
(-0.20109816884971143,-0.637973943225449),
(2.4612858559194213,0.921753478810261),
(2.9099945101608857,1.1203447803125048),
(3.3587031644023515,1.3189360818147513),
(-0.14008368393753878,-0.4324496532139713),
(3.207120692852865,1.5696341219990109),
(0.1594004909133622,-0.21739868712977942),
(-0.23373239691581582,-0.31759904592543137),
(1.1128019010361048,0.11187632932463289),
(-0.40070316363575553,-0.4742648002261881),
(-1.1468255605885818,-0.26220395874876073),
(0.01585628043896135,-0.7809995390766962),
(-0.27022759750880365,-0.2402350379685418),
(-0.08505811569566567,-0.7311674744242381),
(0.10695529457873106,-0.8006851832152116),
(0.10695529457873106,-0.8006851832152116),
(0.16818640803883722,-0.48142647484176615),
(0.21548044589296422,-0.4836602864636021),
(-0.5228011478647522,0.6731007096648759),
(-0.986712141797471,-0.07440893549582749),
(0.2872170853944411,-0.44670776596964995),
(0.5912447085515563,0.6021320269577922),
(0.16092072488248768,-0.4474733984510752),
(-0.9272447297895662,-0.3087634463621682),
(-0.18656680253701258,-0.5789614576393484),
(-0.5874062988855902,-0.15283178163161695),
(-0.04336191288548068,-0.4047628628908245),
(-0.38658013255057694,-0.3422957116418138),
(-0.11728784266784177,-0.760446464879637),
(0.615035507488311,0.915761042562854),
(-0.591163749805497,0.32936183464751184),
(2.0325913790268446,1.691059275623834),
(0.005358422664774102,-0.09330887439123248),
(0.1032553556627008,-0.3975639102892596),
(-0.6704152911467867,-0.6245302110867169),
(0.13423132095037757,-0.7528689973434349),
(-0.58533586674605,0.5566428476728192),
(0.34449329005466633,0.05356997481924745),
(-0.41747749809962303,-0.577073184272238),
(-0.3919805097145446,-0.566784460139828),
(0.10695529457873106,-0.8006851832152116),
(-0.468528986873656,-0.20952012816829782),
(-0.15493520040514697,0.02794781141230321),
(-1.1455602965033085,0.08051048853830753),
(-0.7451617255177804,-0.6019576736872471),
(-0.8201957199081534,-0.03809802649145928),
(-0.4920322257910295,-0.30447576108931834),
(-0.6396847104089811,-0.36533709140350457),
(0.19262900968618699,-0.5493010847119286),
(-0.4921280791308231,-0.5386066040397371),
(-0.631958931221622,0.5955782702675411),
(-0.06796363107688781,-0.45100548762334275),
(-0.611657193853353,0.4744950704757148),
(0.3854859293507667,-0.42841431123087925),
(0.07827597531250724,-0.38885663302391327),
(-0.4081222121357742,-0.352187998730939),
(0.10695529457873106,-0.8006851832152116),
(-0.6891642044104003,-0.29082484937461994),
(0.17955461413834967,-0.757781088881567),
(-0.4506235830002247,0.21862112531404013),
(-0.948102416528638,-0.044105517310132444),
(0.1581678169636175,-0.28297711644001217),
(-0.13883183931983528,-0.6551218167794655),
(1.8169117791574292,1.0752828640976926),
(0.0323813962193657,-0.7423107246969652),
(-0.12483725170998008,-0.5047883019060759),
(-0.44941583091882686,-0.6369595518759953),
(-0.3242121984805196,-0.522721880703203),
(0.19142317467158443,-0.3108940266381941),
(0.0208023127723074,-0.5127844299002858),
(-0.31300310892506455,-0.36488186984385584),
(-0.8676431231059503,-0.4369882480078875),
(-0.4799738756450035,-0.5334672601639535),
(2.2713812191204825,3.19323235483303),
(0.6683683057494291,0.2735731779649409),
(-0.5327123831994031,-0.5062686680803671),
(0.17102366689672566,-0.5894035950217816),
(-0.817818557081274,-0.24032106409005025),
(-0.1351702417397225,-0.4890010748405846),
(-0.5512120777795534,0.27994484603133285),
(-0.006151646377632844,-0.350311195513363),
(-0.5752712660677294,-0.19286833858164668),
(-0.41718993808024224,-0.5539421939673091),
(-0.7269879322929267,-0.33182991707596576),
(-0.7019184498033271,-0.10108850331297974),
(-0.17811253796722343,-0.4896749461257341),
(-0.729710167143063,-0.4961476948848986),
(-0.49644723062191903,0.019788950671572325),
(-0.019839503300148727,-0.6650965455683695),
(0.10695529457873106,-0.8006851832152116),
(-0.4921280791308231,-0.5386066040397371),
(-0.2593827506445645,-0.3150211298175618),
(2.5328691300772275,3.394931349974766),
(-0.7997981292000911,-0.4804421926348404),
(-0.05415499894623155,-0.3937450673786306),
(-0.41747749809962303,-0.577073184272238),
(-0.2574407619803477,-0.7361548388186901),
(-1.031130579457793,0.12631653070417076),
(1.8805871527822693,0.4540165522506284),
(-1.0724241982408456,-0.4068418274939451),
(0.003050274242538514,3.80624732785874),
(-1.5874441929514727,5.1312030123388075),
(-0.5628870145664059,-0.497730575520654),
(-0.3429994530800515,-0.544132348577963),
(1.8127038175404924,1.7374610486811444),
(2.095662876610988,0.7215907668217977),
(-0.28353204107214564,-0.3673529701841858),
(-0.25352994571677173,-0.681052957339494),
(-0.25352994571677173,-0.681052957339494),
(0.8598449373209828,0.48040506502334407),
(0.10695529457873106,-0.8006851832152116),
(0.6025745733151506,-0.5830104204250123),
(-0.4505277296604319,-0.6709319841440257),
(-0.5403039677110507,-0.5341690899385932),
(0.8308013753635428,-0.012282304311120627),
(-0.9627296361811308,0.2686023019104449),
(-1.0414252281516243,1.0604612802461344),
(0.06159749418843326,-0.7264059285987458),
(-0.03426159680548278,-0.4909667717170528),
(0.11864940203354146,-0.5616150071215164),
(-0.4101926442753147,-0.5493304769701106),
(0.11077025750251346,-0.7629942718449788),
(0.0974178872692749,-0.4947268301113176),
(-0.45572298067724054,-0.35019362648063473),
(2.7825095682354952,2.5146296330005873),
(-0.47759671281812366,0.5849411403430216),
(-0.09167199614141919,-0.6225250855712243),
(0.024253033004874466,-0.673475489803292),
(-0.1903050827889602,-0.5957322500274195),
(0.7241741201772214,-0.07780553352671878),
(2.488949129783833,1.8031520288336882),
(3.4996650859027154,1.0999064076107912),
(0.006035147243716378,-0.5443352268478536),
(0.10695529457873106,-0.8006851832152116),
(-0.5991579183442772,-0.5074156830338129),
(-0.882404537434154,-0.4445477934354421),
(-1.0832172843015977,0.6448597677423449),
(-0.14155407416996943,0.4370500504361271),
(1.5213671765720422,0.3127129125982444),
(1.8205062793996862,0.4451071135997379),
(-2.595706303571652,0.6270114981823812),
(-0.31313155240038787,-0.5528281556937749),
(-0.4411877802309493,0.046901516633650525),
(-0.4414082429124756,-0.6250126742515101),
(0.37256489914659907,-0.35273139706513396),
(-0.34585588260589784,-0.13011873490035003),
(0.2414183596410931,-0.5960534142143843),
(1.7834685489034665,3.0914448140955444),
(0.38289788917633893,5.02655366929248),
(-0.2593827506445645,-0.3150211298175618),
(2.418784485054972,0.709895515602725),
(-0.301264908933949,-0.6048925981993769),
(2.0035669877373654,0.6064505382575144),
(1.7836794262510118,0.6528523113148224),
(1.8018340488079068,0.5927386913734142),
(-0.4055150012933888,0.28941632200941353),
(-1.0379745079190512,-0.49534478441748653),
(0.8737436715910436,-0.011608433025971192),
(-0.24802796401262286,-0.41656636364612887),
(0.02145411548290345,-0.6556006955225291),
(0.5764257822194762,-0.007474877887490466),
(0.5764257822194762,-0.007474877887490466),
(-0.9663720630932849,-0.37468024508366743),
(-0.3876095974199597,-0.5857689913880498),
(-0.05022501201469734,-0.7064163254975669),
(0.10695529457873106,-0.8006851832152116),
(-0.41778422878696253,-0.5772308988283368),
(-0.18735279992331927,-0.4320030342664732),
(-0.8259085789598485,-0.4727536080250232),
(-0.02973156796684069,0.13452700711780616),
(-2.613477512769334,6.133540668400526),
(-0.39345665114736433,-0.2521310168044678),
(-0.4723439497974391,-0.5517112498828568),
(0.5230354719544804,-0.5261277982305914),
(-0.7601915291974053,-0.4877673168812844),
(0.12027890881003152,-0.7524101913620566),
(2.141404090360459,0.7251837911634669),
(2.5901127446019236,0.9237750926657088),
(3.038821398843387,1.1223663941679531),
(3.4875300530848556,1.3209576956701996),
(0.5127024819247381,-0.030691177429581693),
(0.03828212781705663,0.3940369896819049),
(-0.2145751484246813,-0.38806806024341917),
(-0.41747749809962303,-0.577073184272238),
(-0.5156888300520722,-0.3885404870273695),
(-0.46691865076512534,-0.8006851832152116),
(-0.7781736157426714,-0.5489139671651405),
(0.1439355130710744,-0.6472762344978954),
(0.1936450550879984,-0.5104688934630169),
(-0.19061181347629952,-0.5958899645835182),
(-0.7784803464300106,-0.5490716817212394),
(3.8053988985081597,1.8344225240020064),
(4.403677104163453,2.0992109260050014),
(1.5727579861689451,0.8850475665313011),
(1.8718970889965876,1.0174417675327958),
(1.2736188833413005,0.7526533655298062),
(1.3595034757963023,0.7540011081001049),
(0.4427870558793383,-0.2666938054071556),
(0.07198799622205176,-0.7496358489434093),
(3.977168083418164,1.8371180091426036),
(1.9577816814515887,1.0187895101030942),
(-0.38368536168881223,-0.31685635374307525),
(-0.5799105677137366,-0.5268439656921493),
(-0.5934642299605417,-0.5339239154922942),
(-0.5535508992705166,-0.5410913251826394),
(1.8080261745585682,0.5948957963702385),
(2.1071652773862106,0.7272899973717318),
(1.8271585011813563,0.6244242625780112),
(2.126297604008999,0.756818463579505),
(-0.4759480353736756,-0.346396290100383),
(0.10340872100637045,-0.5486788290996842),
(-0.05699800900450814,-0.4945440246031122),
(-0.48327123053390136,-0.4683533719098663),
(-0.4595571142689823,-0.6633731556008171),
(-0.6737126460356837,-0.35140802856259573),
(1.8237652929526653,0.3534348109829575),
(1.5832692634107033,0.45815010738910944),
(3.6701114947235753,3.7568669003442055),
(2.422043498607951,0.6182232129859447),
(2.302706090565008,0.738844739259008),
(-0.20109816884971143,-0.637973943225449),
(-1.2896278662129825,2.2779703389621595),
(-1.1388371432501891,-0.064819173600674),
(-0.8475714337531859,-0.49591255681944213),
(-0.33937619683585474,0.42939372562187655),
(2.1191086035244835,2.250287133060747),
(-1.0597332160521782,5.167746908755589),
(-0.8112238473034803,-0.6427727670369283),
(-0.021373156736845145,-0.5894609457694537),
(-1.4768486094976947,5.401690644891731),
(-1.8939640029431992,5.635634381027876),
(-0.6426178226066613,4.933803172619452),
(2.5362239969700013,2.016343396924609),
(-1.7614755166806064,0.15912402591010832),
(-0.7303485503860881,-0.19386409093810705),
(-0.5923906725548541,0.3677545757923839),
(-0.22550242916114405,4.699859436483314),
(-0.4346544165906224,0.5856150116281708),
(0.12064315150124706,-0.37063056541365735),
(0.07706822323110879,-0.7371692301681438),
(1.7630517875274432,2.8911401590065933),
(-1.1452919071518852,2.449406061441571),
(-1.2114307116094207,2.309428657829106),
(-0.7769332735257434,0.2361647190269941),
(2.7698952687186678,3.3567651442831985),
(0.13645895256717921,-0.5238947034931015),
(-0.030791705904957296,-0.5325216897117065),
(-0.5415692317963271,0.7602530564807344),
(1.701993210078967,2.4842308691968844),
(1.0831832190398971,4.058999241694008),
(-0.28590920389902574,-0.7117169683511789),
(0.8755648850471212,0.12491932311400492),
(0.8327184421594139,0.7408419790467002),
(-0.28656675781000895,-0.4891078906081245),
(2.0337607897723275,0.5761535720309324),
(-0.6102193937564504,-0.4214311408174313),
(-1.0156215090792002,-0.43488992752742744),
(2.554052718171601,2.845488963859446),
(0.8326225888196203,0.12424545182885548),
(-0.15031506942710002,-0.5851402838166921),
(0.06516323842875245,-0.4881859773392923),
(1.796523773783345,0.5891965658203041),
(1.6977948337960107,0.6515045687445236),
(2.0828185290786543,0.7852465123163166),
(2.100973151635549,0.7251328923749076),
(0.11019130333016056,-0.7076479328038295),
(-1.6828757780498853,4.278536470014858),
(1.063077022484815,0.7877391191870262),
(3.3788898777628695,1.5723296071396082),
(-1.0396998680353375,0.5824958478391443),
(-0.8273847203926687,-0.492965445273432),
(0.01585628043896135,-0.7809995390766962),
(-1.07915310269435,2.589383465054037),
(-1.2775695160669565,2.169451254216641),
(-1.2114307116094207,2.309428657829106),
(-1.3437083205244917,2.029473850604176),
(3.1160216787130954,1.3407953192900488),
(-0.44481487060873737,-0.5544440130094418),
(-0.2897049961548493,-0.5866794345073475),
(-0.19538530979801708,-0.5669787357975679),
(-0.8523641007428627,-0.5587238125544868),
(-0.20753951328383663,-0.6238613579919886),
(-0.01688722043450807,-0.7494351213265562),
(0.32258696777825324,-0.3876601530506),
(-0.22414131173607507,-0.24263875118035683),
(-1.1821954429723966,0.4699951874364775),
(-0.7382602850526462,-0.5560813768554858),
(0.2303185428930025,-0.4726589792913639),
(-0.553876800625814,-0.45798363984636925),
(-0.22069059150350875,-0.7319832888098765),
(0.10641851587588733,-0.6573771349316785),
(0.14677277192896288,-0.7165372986930354),
(0.3176984474487833,-0.5255234647269945),
(0.9722233928949099,3.793645217942102),
(0.21270069903894998,4.117052536025292),
(-0.6782177530059799,-0.5514495870966019),
(0.1738800964225728,-0.46072428870075915),
(0.02974926350863541,-0.613526753261441),
(1.2035558431526179,0.3279502893704268),
(1.7159494563529056,0.5913909488031153),
(2.0150885591805485,0.7237851498046091),
(1.416810353525261,0.4589967478016213),
(1.5026949459802628,0.4603444903719204),
(-0.39232558173780113,-0.616795028994416),
(-0.8112238473034803,-0.6427727670369283),
(-0.4212541196874881,-0.46190858164019205),
(-0.6711111863936867,0.17047158822141775),
(-0.41866607951306284,-0.549818675209671),
(2.8439132177072266,1.7139572785163473),
(2.2868327774952,0.6518515407679414),
(0.13712992594573387,-0.47486124800198015),
(-0.3024918316833059,-0.47501752878938713),
(0.22155754763587396,-0.6834387484426616),
(0.20002888751824735,-0.4887716718498954),
(0.4334547747170403,-0.5652331224152924),
(-0.030038298654180163,-0.5018806189990904),
(-1.7614755166806064,0.15912402591010832),
(-0.8190454798306321,-0.5737798175871563),
(-0.08216334483389819,4.086428670536965),
(-1.7036184407812125,3.8459913959956338),
(-0.25322321502943246,-0.6808952427833953),
(0.1748002884845907,0.3379737662948536),
(-0.04918979594493594,2.5121750210002083),
(-1.0998957654256754,2.156838391034812),
(-0.2476062093175397,2.092242810162812),
(-0.21235135094147178,-0.6560293923613795),
(-0.9271488764497738,-0.5918223628048607),
(-0.31290150438488346,-0.7302491455771355),
(0.047027786539816915,-0.5857259783272956),
(-0.6373650595859778,-0.5306714112149291),
(-0.7997981292000911,-0.4804421926348404),
(-0.8007566625980269,-0.5124754527472013),
(-0.015353566997811586,-0.6661503655568479),
(2.925637775215188,0.7792963722453172),
(1.4034675686260019,0.2051343801145525),
(1.9158611818262874,0.4685750395472407),
(2.21500028465393,0.6009692405487344),
(1.6167220789986445,0.3361808385457472),
(-0.2344167897619417,-0.3624652527138143),
(3.319786708446179,1.3208071499575609),
(0.024253033004874466,-0.673475489803292),
(0.10695529457873106,-0.8006851832152116),
(0.531662272535898,-0.144676505312616),
(-0.04754111850047815,-0.39823778157440914),
(-0.05118354541263261,-0.38053790707404667),
(-0.7382602850526462,-0.5560813768554858),
(-0.15039175209893485,-0.6028996597177646),
(-0.1531906696209055,-0.5901993366457347),
(-0.46691865076512534,-0.8006851832152116),
(1.069859604808604,0.11120245803948346),
(-0.2138850043781682,-0.5793055621253821),
(0.07663113200165035,-0.484442407284983),
(0.2965186934880052,-0.5308441803422917),
(-0.7781736157426714,-0.5489139671651405),
(-0.5510012004320087,-0.7386080170503726),
(0.2676189115402563,-0.007079874612897455),
(-0.05066593737774757,-0.7747784167229438)]