(0.1125,0)
(-3.466129999999994,242)
(1.0094,112)
(0.9854,30)
(-0.038899999999999046,86)
(1.8769999999999998,72)
(-4.827799999999997,78)
(-0.8026,68)
(0.25060000000000004,18)
(4.217600000000003,108)
(-1.6774299999999998,50)
(-2.455129999999997,180)
(-4.447399999999999,66)
(3.369900000000002,140)
(-0.1733999999999956,336)
(2.3222000000000005,164)
(-2.996,8)
(-0.6226000000000003,52)
(-2.0123999999999946,142)
(-0.09149999999999991,26)
(-1.7745999999999968,328)
(-0.9535999999999965,324)
(-2.8776,26)
(-1.2392999999999994,26)
(-4.3101999999999965,116)
(-3.5021299999999975,116)
(-2.707599999999999,56)
(-5.226999999999992,222)
(-2.3496,66)
(-5.226999999999992,222)
(1.1992799999999992,618)
(-3.5910299999999977,132)
(-1.9721099999999971,102)
(5.229600000000017,646)
(-4.616599999999996,166)
(-3.0035999999999983,126)
(15.42249999999997,444)
(-3.5148999999999924,228)
(-3.512399999999992,222)
(-0.6093000000000002,108)
(-5.90246,304)
(-1.9221999999999957,148)
(-4.101599999999997,142)
(-2.245929999999997,174)
(-4.327999999999996,180)
(-1.4370999999999965,142)
(-3.126999999999998,126)
(-5.6453999999999915,206)
(-3.5865999999999976,118)
(-3.982329999999997,142)
(-0.9543999999999999,66)
(-2.455129999999997,180)
(-3.0104999999999977,150)
(-2.4396,94)
(-3.729299999999998,84)
(-4.106029999999997,156)
(-5.015299999999998,240)
(-3.4673299999999974,118)
(-0.9523999999999999,96)
(5.577600000000011,390)
(-2.0921999999999956,132)
(-1.8566000000000003,102)
(2.735900000000001,140)
(-3.752529999999998,124)
(-2.4440299999999993,108)
(-4.033599999999996,174)
(1.6566999999999996,138)
(-0.6485000000000001,52)
(-4.273999999999997,150)
(-4.621029999999996,180)
(-5.223099999999996,134)
(-1.733799999999996,312)
(-2.1053999999999973,170)
(-3.116499999999988,1258)
(-4.219660000000001,258)
(7.778940000000009,470)
(-4.497329999999996,166)
(-4.119129999999998,130)
(-2.151,108)
(0.5660000000000027,364)
(-3.334999999999998,304)
(-4.974399999999999,292)
(-1.9236999999999995,52)
(-5.610799999999997,100)
(-14.100400000000034,392)
(-5.513799999999996,120)
(-2.0060299999999973,170)
(-5.397199999999993,136)
(-11.92460000000002,328)
(-2.4652999999999996,84)
(-3.769999999999998,96)
(12.395599999999982,602)
(-16.276200000000042,456)
(-4.414029999999995,212)
(1.1630000000000043,358)
(-5.395599999999993,136)
(-3.4965999999999977,90)
(-5.649829999999993,220)
(-5.006599999999999,80)
(-2.3203299999999993,94)
(15.009019999999962,284)
(-3.2941999999999974,288)
(-2.737999999999997,298)
(14.714619999999963,290)
(1.387000000000004,360)
(-2.513999999999997,300)
(-3.0719799999999946,198)
(-6.544199999999992,160)
(6.921999999999974,1048)
(2.9474000000000053,384)
(-5.032999999999997,328)
(-2.8128299999999986,148)
(-3.2979999999999983,132)
(-1.4571099999999986,78)
(-1.981729999999997,176)
(-1.1820299999999997,68)
(8.091570000000006,372)
(-5.397199999999993,136)
(0.6068000000000062,348)
(-5.391299999999999,132)
(-4.732399999999997,98)
(-4.160199999999997,94)
(-3.0719799999999946,198)
(-4.524199999999998,96)
(-3.9013999999999975,134)
(-3.7400999999999973,106)
(-7.572999999999987,200)
(-5.226999999999992,222)
(-2.4970999999999948,248)
(-3.2826999999999957,202)
(-3.1308999999999982,84)
(4.988650000000013,594)
(-4.157499999999996,174)
(-3.518599999999997,150)
(-2.071399999999997,316)
(2.1264000000000056,388)
(-3.585399999999998,74)
(-9.748800000000001,264)
(-0.3973999999999952,334)
(1.9432000000000036,370)
(-7.072799999999999,168)
(0.3828000000000065,346)
(-3.128099999999997,292)
(-0.2368000000000004,64)
(-1.2025999999999966,342)
(-0.9943999999999973,340)
(-0.214199999999998,352)
(-2.5547999999999975,316)
(-5.6453999999999915,206)
(-0.42239999999999744,354)
(1.346200000000005,376)
(-1.9577999999999975,310)
(-2.7629999999999972,318)
(-1.982799999999998,330)
(0.3578000000000035,366)
(1.5639999999999938,732)
(-5.6453999999999915,206)
(6.126860000000011,500)
(-4.783999999999996,310)
(2.723400000000006,382)
(-4.366799999999997,96)
(-3.5865999999999976,118)
(-7.056500000000016,336)
(5.500540000000009,494)
(-6.887799999999998,210)
(-0.31011000000000016,54)
(-3.769999999999998,96)
(-3.2213999999999987,72)
(-4.188699999999999,66)
(-1.0305,44)
(-3.254999999999999,72)
(-0.5817999999999999,36)
(-0.5817999999999999,36)
(-1.8064999999999984,66)
(-6.469399999999997,226)
(-1.98,102)
(-2.189659999999997,288)
(-4.463799999999998,76)
(-3.9499999999999966,112)
(-3.9499999999999966,112)
(-3.219799999999999,72)
(-3.2213999999999987,72)
(-4.368399999999997,96)
(-4.368399999999997,96)
(-2.2372999999999985,88)
(-3.5431999999999975,306)
(-1.19426,168)
(-2.2372999999999985,88)
(-2.2372999999999985,88)
(-2.0116599999999965,286)
(-4.824799999999996,326)
(-3.834599999999999,72)
(-4.307779999999993,206)
(2.723400000000006,382)
(-0.5303000000000005,62)
(-5.185799999999993,214)
(-2.438199999999998,108)
(-2.120299999999999,112)
(-3.9499999999999966,112)
(-1.1827,30)
(-5.397199999999993,136)
(-4.622229999999994,214)
(-1.1775999999999962,322)
(-5.397199999999993,136)
(-0.8330999999999991,60)
(-4.229199999999996,122)
(-4.368399999999997,96)
(-4.368399999999997,96)
(-4.368399999999997,96)
(-1.5680999999999996,80)
(-5.174099999999996,304)
(-5.513799999999996,120)
(-10.716600000000007,216)
(-3.280179999999994,200)
(1.9432000000000036,370)
(-2.904099999999997,294)
(2.167200000000004,372)
(-1.189499999999999,60)
(1.1380000000000057,378)
(-2.805599999999998,92)
(-2.1938,66)
(-2.1921999999999997,66)
(16.547899999999963,364)
(-3.7628,52)
(-6.064299999999996,250)
(1.2913999999999999,26)
(-1.3722600000000007,170)
(-0.4845999999999951,154)
(-0.6741,32)
(-6.070199999999998,82)
(-6.070199999999998,82)
(-0.7110000000000001,60)
(-2.6817799999999945,200)
(4.773800000000004,118)
(-2.0214299999999974,124)
(8.680140000000007,312)
(-5.252599999999999,74)
(-2.4644599999999994,126)
(-1.004199999999994,316)
(-0.8241999999999938,300)
(-0.6359000000000004,60)
(-5.280199999999993,160)
(-10.934900000000008,162)
(-0.6763299999999994,52)
(-8.520199999999917,1070)
(-4.366799999999997,96)
(3.9936000000000025,106)
(-0.44710000000000005,11)
(-4.928099999999995,310)
(-1.1953,13)
(-2.708129999999999,122)
(-5.824899999999992,226)
(-4.375499999999996,108)
(0.5029999999999997,82)
(3.213400000000001,94)
(0.8579999999999999,62)
(-4.197899999999997,122)
(0.246,2)
(-2.5823,60)
(-1.5023,52)
(-4.435499999999998,90)
(-0.0014000000000000123,20)
(4.834640000000004,214)
(-2.700099999999998,78)
(-3.2213999999999987,72)
(-2.4616999999999996,52)
(-2.7146999999999997,54)
(-5.824899999999992,226)
(-3.2213999999999987,72)
(-0.17699999999999982,46)
(-0.02079999999999793,78)
(-1.0127000000000004,46)
(-1.197899999999998,92)
(-2.8776,26)
(-2.924899999999995,148)
(-1.9014999999999982,96)
(-0.5621299999999998,24)
(-5.766599999999997,100)
(-1.9236999999999995,52)
(-3.5423999999999993,76)
(-4.1900999999999975,132)
(-9.750599999999851,1748)
(-1.7495999999999983,38)
(-3.886699999999998,84)
(-5.1360300000000025,204)
(-2.189829999999999,132)
(-1.7417999999999993,60)
(-1.2370999999999996,84)
(-1.7648000000000001,40)
(-5.3764999999999965,106)
(-0.8823599999999998,132)
(-0.2817999999999998,48)
(-3.585399999999998,74)
(-3.885099999999998,84)
(-2.7960999999999974,62)
(-0.2701,8)
(-0.6405,32)
(-3.9978999999999987,92)
(0.15140000000000026,54)
(-0.3808,0)
(-3.152299999999999,82)
(-1.444999999999999,56)
(-0.5835,16)
(-0.7170999999999998,84)
(-3.0689999999999986,72)
(-3.0866,32)
(-4.709999999999997,118)
(-2.1151999999999997,56)
(0.11410000000000026,86)
(-2.2412300000000003,48)
(-3.332299999999998,98)
(-7.0120999999999984,210)
(0.8391999999999997,58)
(0.3691,58)
(-1.197899999999998,92)
(-4.696599999999997,78)
(-6.977099999999998,210)
(-1.2208999999999997,48)
(-2.350699999999999,86)
(-0.5802,36)
(-6.6828000000000225,396)
(-3.885099999999998,84)
(-0.6226000000000003,52)
(-3.401799999999998,128)
(-1.6333999999999995,78)
(-1.4566999999999988,86)
(-6.337800000000025,424)
(-1.2431999999999994,80)
(-0.8386,32)
(-3.2459999999999978,128)
(-3.0705999999999984,72)
(-1.2317,54)
(-4.7980999999999945,192)
(-4.488399999999999,76)
(-4.972099999999995,126)
(-2.7639799999999966,142)
(-0.4323000000000001,30)
(-0.04360000000000014,68)
(2.1797400000000002,56)
(-3.8260999999999985,130)
(-5.651030000000003,228)
(-0.0025,0)
(-3.782199999999998,112)
(-4.827799999999997,78)
(-0.11220000000000019,42)
(-1.2846000000000002,40)
(-2.6724999999999985,68)
(-3.7628,52)
(-0.7465800000000002,88)
(-1.7912999999999997,34)
(-3.5903999999999994,70)
(-1.4760999999999995,44)
(0.7773999999999999,64)
(14.691999999999965,266)
(0.4584,52)
(-5.368829999999997,214)
(0.3166,48)
(-1.0615999999999959,78)
(-0.11330000000000007,50)
(-1.9313999999999985,62)
(14.994999999999964,272)
(-1.2846,40)
(-4.827799999999997,78)
(-0.23590000000000028,56)
(-3.914499999999996,124)
(-0.4323000000000001,30)
(-1.6735299999999969,108)
(-3.741399999999998,96)
(-2.292399999999998,90)
(6.770000000000009,244)
(-4.407899999999994,194)
(-4.057299999999999,72)
(-2.248499999999999,54)
(-3.885099999999998,84)
(-1.189499999999999,60)
(-0.3677000000000001,52)
(14.986399999999964,260)
(15.017619999999964,296)
(-0.19010000000000016,42)
(-1.9743999999999995,120)
(0.7949999999999999,68)
(-2.7184999999999997,48)
(-1.2190999999999999,176)
(-0.2794300000000001,28)
(0.05430000000000007,48)
(-3.1644999999999994,56)
(-4.827799999999997,78)
(7.250400000000011,264)
(-0.11779999999999985,60)
(-3.418399999999999,54)
(-0.6718999999999997,42)
(-1.4028,40)
(-1.2208999999999997,48)
(11.60869999999999,300)
(0.9649699999999999,46)
(-2.489399999999997,144)
(15.43379999999996,282)
(-1.7793999999999994,26)
(-3.4673299999999974,118)
(-3.5910299999999977,132)
(14.052599999999973,276)
(-1.5728,24)
(-2.2713999999999994,30)
(16.153619999999957,290)
(-0.8330999999999991,60)
(-0.0025,5)
(-3.105199999999998,118)
(-2.9963999999999995,32)
(1.1630000000000043,358)
(-1.6746999999999999,34)
(-0.40133000000000024,56)
(-1.4358999999999953,340)
(14.40089999999997,294)
(-2.5573999999999986,112)
(-1.0460000000000003,58)
(4.997800000000004,120)
(-5.4894,316)
(-1.4493999999999994,118)
(-1.6747000000000003,34)
(4.394940000000005,220)
(-2.733599999999999,46)
(-1.4838999999999993,60)
(-2.8150999999999993,62)
(-1.223889999999997,144)
(-2.248979999999998,118)
(-3.2475999999999994,72)
(-1.4493999999999994,118)
(-1.2438,24)
(-2.4381299999999975,112)
(8.472899999999978,972)
(-2.996,0)
(-1.94326,144)
(-0.5549000000000002,46)
(-4.057499999999999,66)
(-1.6218,48)
(-2.5760999999999994,130)
(-1.7140299999999975,168)
(-1.1670999999999998,44)
(-3.1277999999999966,168)
(-0.6389,32)
(-1.5574999999999983,48)
(-0.9702999999999999,30)
(8.835900000000004,214)
(-3.5138000000000003,34)
(-2.6603999999999983,322)
(2.5262000000000047,304)
(-4.156999999999997,174)
(-0.7096000000000002,36)
(-0.3334999999999995,90)
(-3.0072299999999963,250)
(-2.9748999999999928,188)
(-2.2331,60)
(-0.2257,28)
(0.40041999999999983,64)
(10.396299999999995,238)
(3.437400000000002,96)
(-1.7897299999999998,110)
(-1.9090000000000003,110)
(-1.0664999999999978,82)
(-1.7466299999999997,80)
(10.496299999999996,280)
(4.464100000000005,180)
(2.9037000000000006,156)
(3.683900000000002,168)
(2.2982000000000014,168)
(-3.3280999999999983,54)
(-2.071599999999999,58)
(-3.8545999999999996,80)
(-2.7784,34)
(-2.757799999999999,86)
(-4.827799999999997,78)
(-3.8568999999999947,330)
(-0.5249999999999999,40)
(-3.591829999999997,174)
(3.459900000000002,166)
(5.020300000000005,190)
(2.222400000000001,178)
(3.782800000000004,202)
(2.446400000000001,180)
(3.2266000000000026,192)
(2.9037000000000006,156)
(3.683900000000002,168)
(4.464100000000005,180)
(5.244300000000005,192)
(3.5602800000000023,220)
(-1.2192999999999998,48)
(-3.243729999999997,122)
(-0.8537000000000001,30)
(-3.468129999999997,160)
(-1.0127000000000004,46)
(-1.7265999999999986,86)
(-0.4683799999999998,90)
(-1.452599999999998,98)
(8.487900000000009,252)
(-0.2862299999999998,58)
(-1.6796999999999986,130)
(1.0977999999999999,42)
(9.948299999999996,234)
(11.508699999999987,258)
(0.19621999999999973,48)
(-1.6339000000000001,18)
(-2.7022999999999997,40)
(-1.3179999999999983,96)
(-3.2789799999999962,166)
(-4.370129999999998,170)
(2.6572000000000005,84)
(-1.7265999999999986,86)
(-3.6419999999999977,150)
(-0.6485000000000001,52)
(-0.621,52)
(-2.953129999999997,136)
(-3.812999999999997,156)
(-8.42480000000002,320)
(-1.0385999999999993,58)
(0.08022000000000007,66)
(-1.1019800000000002,94)
(-0.3677000000000001,52)
(11.956699999999984,262)
(-0.7925999999999995,36)
(-2.0977999999999972,120)
(-1.4615,36)
(-3.0768299999999975,150)
(-3.5903999999999994,70)
(0.9792000000000001,20)
(-6.544199999999992,160)
(4.970770000000006,324)
(-3.587399999999997,160)
(-1.0667799999999998,90)
(0.1639999999999997,58)
(-0.10849999999999982,42)
(-0.4636,36)
(-3.5545999999999998,50)
(-1.4599000000000002,36)
(-2.5823,60)
(-3.6727299999999996,68)
(1.428,46)
(-2.7039000000000004,40)
(-15.782799999999888,1648)
(-5.504459999999998,256)
(1.1335999999999997,52)
(-2.520299999999999,66)
(-0.6701999999999999,18)
(-1.7231999999999972,114)
(-1.4104,88)
(7.275500000000009,190)
(8.387900000000007,210)
(-5.208129999999997,264)
(-1.0615999999999959,78)
(0.26059999999999994,44)
(-6.310299999999996,132)
(13.944099999999974,450)
(23.306500000000028,594)
(15.823899999999957,288)
(-2.4654299999999973,172)
(5.623000000000006,268)
(9.856199999999996,336)
(6.735400000000009,288)
(7.183400000000009,292)
(-1.019499999999998,76)
(-3.8492999999999995,64)
(-2.5823,60)
(4.481100000000006,162)
(-8.836700000000022,328)
(-0.67018,66)
(5.261300000000007,174)
(1.3172,76)
(-1.2169999999999987,88)
(-2.1914,62)
(15.845199999999958,284)
(1.6960999999999813,1148)
(-3.0723999999999974,136)
(-1.3379999999999999,32)
(-2.7728599999999997,68)
(-1.3372999999999928,182)
(-1.8842999999999992,60)
(-5.952800000000016,716)
(-1.7692300000000003,50)
(-1.1122999999999998,24)
(-2.850899999999999,68)
(0.17659999999999987,54)
(-1.744699999999998,90)
(-2.6426999999999996,66)
(-2.405999999999997,68)
(-5.564199999999996,298)
(-2.857499999999998,78)
(-0.9507999999999996,96)
(-1.3349999999999858,334)
(-4.827799999999997,78)
(-3.914499999999996,124)
(-1.019499999999998,76)
(0.09289999999999954,64)
(-1.4148300000000003,102)
(-4.737399999999998,94)
(3.4091900000000024,236)
(14.845099999999968,518)
(-0.3808,0)
(3.459900000000001,166)
(-2.8150999999999993,62)
(0.47100000000000003,48)
(4.240100000000004,178)
(2.222400000000001,178)
(3.2266000000000026,192)
(3.6346000000000043,190)
(-0.7088899999999994,120)
(-0.7153999999999991,64)
(-2.0648,28)
(-1.6093999999999995,42)
(12.278399999999985,350)
(14.618999999999971,386)
(16.95959999999997,422)
(-1.2911299999999999,88)
(16.16889999999997,490)
(0.27106999999999937,118)
(-1.7796299999999974,114)
(5.244300000000005,192)
(-2.650599999999999,88)
(-6.542599999999992,160)
(-0.4777,32)
(-1.9699999999999958,126)
(-1.0041,26)
(-0.0025,6)
(-0.0025,5)
(0.31690000000000024,61)
(0.5635999999999999,68)
(-3.287499999999998,348)
(-5.70739999999999,192)
(0.9377999999999997,76)
(2.5237000000000043,310)
(0.27899999999999997,80)
(-5.397199999999993,136)
(-1.5335999999999999,58)
(-3.6244999999999963,160)
(-0.7866,98)
(-2.5769299999999986,122)
(-1.17222,16)
(2.647800000000009,394)
(-3.6440999999999986,272)
(10.042199999999989,536)
(-0.5324599999999999,146)
(-0.021800000000000153,92)
(-4.057499999999999,66)
(0.13978,10)
(-3.613699999999996,328)
(1.2365700000000002,176)
(-2.738099999999999,60)
(-2.6050999999999993,68)
(-0.0025,10)
(-3.004399999999997,168)
(-1.368599999999994,168)
(-6.536,250)
(-4.447399999999999,66)
(-4.838799999999993,204)
(-3.126999999999998,126)
(-3.897199999999998,124)
(0.44439999999999996,54)
(-3.1274999999999986,76)
(-3.8568999999999947,330)
(-0.9149300000000002,74)
(-3.750999999999997,310)
(1.4504,70)
(-0.1521,92)
(-2.6892999999999967,114)
(-0.0025,0)
(-4.155299999999996,140)
(0.3762,8)
(-2.910999999999996,226)
(-5.505999999999993,202)
(0.2646399999999998,108)
(-1.2846,40)
(8.917150000000007,376)
(-0.3915,14)
(-1.2116,66)
(-2.904699999999999,58)
(-2.251599999999999,74)
(0.43811000000000017,96)
(-0.4519000000000002,62)
(-2.1931299999999996,98)
(-5.086299999999994,106)
(-3.0640999999999976,80)
(11.287799999999983,896)
(2.926000000000002,231)
(-3.3391999999999977,90)
(0.3317000000000001,50)
(-4.826399999999993,152)
(-1.2655,72)
(-3.435699999999994,260)
(-0.5925,104)
(-3.561199999999996,146)
(-2.736599999999998,70)
(-4.352599999999996,126)
(-4.221829999999995,190)
(-1.4895000000000003,70)
(-4.366799999999997,96)
(-3.1500299999999957,212)
(-0.6638999999999999,32)
(-0.0025,9)
(-3.1274999999999986,76)
(-1.9134299999999995,124)
(12.651799999999975,938)
(-4.732399999999997,98)
(-0.8428999999999975,88)
(-2.738099999999999,60)
(-1.9033,26)
(-5.9390999999999945,248)
(9.249300000000002,262)
(-6.154499999999996,132)
(-0.5445000000000386,1056)
(-8.840999999999983,1402)
(-3.4965999999999977,90)
(-2.3496,66)
(8.895200000000003,560)
(10.371199999999995,312)
(-2.0393999999999974,100)
(-1.8829000000000002,36)
(-1.8829000000000002,36)
(3.924800000000006,284)
(-0.0025,8)
(2.5828,54)
(-2.9105,42)
(-3.3787999999999987,72)
(3.773300000000002,172)
(-5.582299999999995,278)
(-5.992800000000027,452)
(-0.23910000000000006,24)
(-0.7391299999999985,70)
(0.05849999999999966,50)
(-2.700099999999998,78)
(0.01739999999999997,14)
(-0.05225000000000013,64)
(-2.9375999999999967,116)
(13.953999999999985,674)
(-3.051699999999996,322)
(-1.0386000000000002,46)
(-0.4339,30)
(-1.5531,54)
(3.2171000000000016,162)
(12.42269999999998,528)
(17.694899999999972,340)
(-0.5289300000000001,56)
(-0.0025,0)
(-3.685799999999998,92)
(-5.163299999999996,108)
(-6.2108,372)
(-1.2987999999999893,278)
(7.375500000000008,232)
(8.935900000000006,256)
(-14.100400000000034,392)
(-2.1938,66)
(-2.8617799999999938,216)
(-2.86293,52)
(1.3829999999999998,84)
(-2.364499999999996,147)
(0.6988999999999999,44)
(8.742700000000005,840)
(1.4368999999999867,1316)
(-1.9134299999999995,124)
(12.056699999999987,304)
(-2.1319,54)
(9.890799999999995,292)
(8.743800000000002,316)
(8.838500000000005,296)
(-2.6756999999999893,254)
(-5.974799999999997,102)
(3.9973000000000023,174)
(-1.8541999999999983,94)
(-0.4484999999999999,38)
(2.446400000000001,180)
(2.446400000000001,180)
(-5.601299999999995,130)
(-2.5823,60)
(-0.8224,24)
(-0.0025,10)
(-2.7396999999999996,60)
(-1.5376999999999987,88)
(-4.868599999999996,94)
(-0.7154999999999989,208)
(-14.193099999999834,1700)
(-2.612799999999997,144)
(-3.0242999999999993,72)
(2.1679,44)
(-4.525799999999998,96)
(0.067,12)
(10.609799999999993,320)
(12.95039999999998,356)
(15.290999999999965,392)
(17.631599999999978,428)
(2.1140000000000003,166)
(-0.3607199999999932,256)
(-1.6796999999999982,92)
(-2.738099999999999,60)
(-3.2503999999999973,112)
(-2.996,8)
(-4.619599999999998,76)
(0.1904,32)
(0.4497,56)
(-1.5547000000000002,54)
(-4.621199999999998,76)
(19.289699999999996,538)
(22.41050000000002,586)
(7.643570000000009,368)
(9.20397,392)
(6.083170000000008,344)
(6.531170000000008,348)
(1.7493000000000003,110)
(-0.1849,12)
(20.185700000000004,546)
(9.651969999999997,396)
(-2.561829999999998,126)
(-3.585399999999998,74)
(-3.6560999999999986,76)
(-3.4478999999999993,74)
(8.870800000000003,288)
(10.431199999999993,312)
(8.970600000000001,300)
(10.530999999999993,324)
(-3.043099999999999,108)
(-0.02100000000000013,52)
(-0.8577300000000003,72)
(-3.0812999999999993,86)
(-2.9576000000000002,44)
(-4.074699999999997,124)
(8.952900000000001,238)
(7.698400000000008,268)
(18.584000000000014,996)
(12.073699999999983,286)
(11.451199999999986,316)
(-1.6093999999999995,42)
(-7.287500000000001,716)
(-6.500929999999992,204)
(-4.981599999999997,96)
(-2.330699999999993,282)
(10.493499999999987,646)
(-6.088299999999975,1444)
(-4.791999999999999,58)
(-0.6718999999999997,42)
(-8.26409999999996,1508)
(-10.439899999999879,1572)
(-3.9124999999999885,1380)
(12.669299999999978,582)
(-9.748800000000001,264)
(-4.370129999999998,170)
(-3.6504999999999983,282)
(-1.7367000000000006,1316)
(-2.827699999999994,324)
(0.06890000000000068,116)
(-0.1584,16)
(8.636199999999995,830)
(-6.534599999999992,752)
(-6.879599999999996,724)
(-4.61313,266)
(13.88819999999999,918)
(0.15140000000000026,54)
(-0.7210299999999998,60)
(-3.3854000000000077,362)
(8.317700000000004,710)
(5.089799999999967,1078)
(-2.0518,26)
(4.006800000000005,204)
(3.783300000000004,332)
(-2.055229999999998,70)
(10.0483,276)
(-3.7434999999999983,108)
(-5.858199999999996,118)
(12.762299999999996,754)
(3.782800000000004,202)
(-1.3445,60)
(-0.22050000000000042,68)
(8.810800000000004,288)
(8.295800000000005,312)
(10.304199999999993,340)
(10.398899999999996,320)
(0.01438,16)
(-9.338799999999857,1170)
(4.9849200000000105,322)
(17.064899999999973,498)
(-5.98380000000001,330)
(-4.876299999999997,108)
(-0.4777,32)
(-6.18959999999999,780)
(-7.224600000000001,696)
(-6.879599999999996,724)
(-7.569600000000003,668)
(15.693699999999968,402)
(-2.8806999999999987,70)
(-2.071599999999999,58)
(-1.5795999999999992,54)
(-5.006599999999999,80)
(-1.6429999999999998,42)
(-0.6485000000000001,8)
(1.1222999999999999,78)
(-1.729599999999996,124)
(-6.727100000000006,328)
(-4.411399999999999,74)
(0.641,64)
(-3.449599999999997,96)
(-1.7115999999999998,24)
(-0.00529999999999986,26)
(0.2052,18)
(1.0968,60)
(4.510999999999974,1072)
(0.5490999999999899,1172)
(-4.098199999999999,78)
(0.3466,70)
(-0.40523000000000003,42)
(5.717700000000004,248)
(8.390500000000008,292)
(9.950899999999999,316)
(6.830100000000007,268)
(7.278100000000007,272)
(-2.606899999999999,60)
(-4.791999999999999,58)
(-2.757799999999999,86)
(-4.061129999999994,240)
(-2.744299999999999,64)
(14.274299999999968,502)
(11.368399999999989,280)
(0.15489999999999998,70)
(-2.1382999999999983,86)
(0.5952999999999999,24)
(0.4829999999999997,70)
(1.70062,42)
(-0.7170999999999998,84)
(-9.748800000000001,264)
(-4.832799999999999,74)
(-0.9889999999999848,1098)
(-9.446999999999894,1078)
(-1.8813,36)
(0.3514000000000002,252)
(-0.8170000000000455,744)
(-6.29780000000002,688)
(-1.852000000000042,660)
(-1.6681000000000001,38)
(-5.396699999999999,74)
(-2.1925999999999997,32)
(-0.3150999999999999,44)
(-3.885099999999998,84)
(-4.732399999999997,98)
(-4.737399999999998,94)
(-0.6405,32)
(14.700599999999964,278)
(6.760500000000008,214)
(9.433300000000001,258)
(10.99369999999999,282)
(7.8729000000000084,234)
(-1.7831999999999981,108)
(16.75659999999997,392)
(-0.4339,30)
(-0.0025,7)
(2.2129,148)
(-0.808399999999998,82)
(-0.8273999999999999,96)
(-4.411399999999999,74)
(-1.3449,52)
(-1.359499999999998,44)
(-2.996,0)
(5.020300000000005,190)
(-1.6760999999999997,58)
(-0.1606799999999997,74)
(0.9863200000000001,50)
(-4.619599999999998,76)
(-3.4345999999999997,32)
(0.8355700000000004,170)
(-0.8247,8)